21 21 21 22 21 21 21 22 21 21 21 22 22 21 21 22 
22 22 22 29 22 23 23 31 28 29 30 39 44 46 47 58 
32 32 32 33 32 32 32 33 32 32 32 32 32 32 32 33 
59 46 43 41 42 32 30 29 32 25 25 24 29 25 24 24 
42 42 42 43 41 41 41 42 41 41 41 41 41 41 41 41 
53 35 38 34 58 37 37 33 67 42 38 34 77 50 42 37 
57 53 51 48 55 52 50 48 47 44 43 43 38 36 36 36 
46 45 44 45 46 45 45 46 47 47 47 47 48 48 47 48 
66 70 74 77 50 52 55 59 35 35 37 41 29 28 29 32 
33 34 45 65 33 34 46 72 32 35 51 82 34 39 58 89 
51 51 52 54 49 49 50 52 49 48 49 51 48 48 49 50 
80 60 47 42 75 54 43 39 67 48 40 37 63 47 41 37 
31 31 31 31 40 39 39 41 58 59 60 61 76 77 78 79 
42 48 56 63 41 49 58 64 42 51 60 66 45 53 60 65 
52 51 51 50 54 54 53 53 56 56 55 55 58 58 57 57 
61 60 58 58 60 59 58 56 58 57 55 54 57 55 53 53 
137 100 57 46 107 64 42 42 73 43 39 41 55 39 40 42 
62 52 48 47 71 59 50 47 83 69 56 50 89 78 63 54 
60 61 62 64 59 60 62 64 59 60 62 64 59 60 62 64 
89 78 53 38 90 79 51 36 89 77 50 36 85 73 50 38 
68 67 66 66 68 68 66 66 68 68 67 67 69 68 67 67 
54 81 84 50 53 82 84 49 53 82 84 49 54 82 84 53 
77 80 85 89 69 71 73 75 62 61 61 62 56 54 52 53 
62 59 59 62 67 63 61 63 80 70 67 67 96 85 77 74 
60 71 79 82 57 68 78 82 55 66 76 81 54 63 74 80 
46 55 77 107 45 54 78 109 45 55 78 105 47 59 81 101 
92 97 87 74 87 86 74 64 73 67 60 56 63 56 54 54 
48 40 36 35 84 76 67 62 98 91 87 82 92 90 91 91 
89 72 62 63 70 61 62 68 59 62 74 94 59 67 92 117 
75 75 74 73 75 75 74 73 73 74 74 73 71 72 73 73 
53 57 62 66 60 67 73 77 70 79 85 86 77 86 90 90 
117 92 70 65 94 79 67 63 72 70 66 64 65 64 66 65 
85 78 72 67 86 78 70 65 87 77 68 64 85 75 68 63 
103 74 61 59 102 71 59 59 102 71 62 60 105 76 67 62 
77 76 66 54 84 85 74 58 87 90 80 63 82 87 83 67 
73 57 53 53 94 65 53 52 128 90 61 55 146 114 75 62 
72 77 80 83 71 76 80 83 72 76 79 81 73 76 78 80 
78 78 77 77 79 78 77 77 81 79 77 75 82 79 77 75 
121 127 129 127 80 82 83 84 57 55 55 57 51 50 50 51 
63 64 67 70 61 60 62 66 73 73 75 79 113 116 117 119 
116 75 71 93 116 64 62 89 111 60 58 81 100 59 57 75 
77 79 81 82 79 81 83 84 81 82 84 85 82 83 84 86 
97 92 89 87 88 84 82 81 81 78 77 77 76 74 75 75 
44 43 44 48 51 51 55 61 82 86 96 103 124 134 145 148 
76 85 101 117 71 77 90 106 67 70 79 92 66 68 72 82 
89 82 76 73 92 84 78 75 94 87 79 75 96 88 81 77 
141 136 93 53 140 118 69 43 121 87 49 43 100 65 45 45 
103 98 68 46 102 106 74 47 103 110 83 51 102 112 92 61 
82 95 91 72 90 104 92 69 93 102 85 64 93 94 75 60 
84 85 85 86 84 86 88 89 84 86 89 91 83 86 89 91 
66 70 77 87 66 74 85 100 69 81 100 119 73 90 112 128 
94 89 87 85 93 90 87 84 91 88 86 84 90 87 85 82 
87 87 95 106 87 78 79 88 97 82 74 79 112 94 81 79 
55 87 118 101 72 109 113 76 101 119 90 50 115 101 62 39 
143 117 87 75 113 92 76 75 87 77 77 82 74 75 81 90 
76 72 71 71 88 83 79 77 104 98 92 88 113 110 103 97 
77 86 96 105 77 87 97 103 79 87 95 100 80 86 93 99 
89 89 89 88 90 90 90 89 92 93 92 90 94 95 94 93 
96 100 100 100 90 94 96 96 85 87 89 92 81 82 84 86 
111 111 105 96 106 104 95 86 97 90 81 76 86 78 72 69 
45 63 108 116 52 90 127 97 67 121 124 71 93 133 100 56 
121 83 72 73 128 86 71 70 135 92 75 72 135 96 79 76 
104 99 92 86 104 98 91 85 103 97 90 86 104 99 93 88 
94 94 94 96 94 94 95 96 94 95 96 97 94 95 96 97 
125 120 100 73 126 117 91 66 120 109 84 62 110 98 79 60 
85 85 92 101 90 88 95 103 101 96 99 104 109 105 102 104 
65 85 125 155 60 77 118 152 57 70 105 140 57 69 96 128 
100 100 99 99 99 98 97 97 98 97 96 97 97 97 96 97 
93 104 109 106 87 100 111 109 81 94 106 108 77 87 100 104 
91 88 80 77 96 100 95 89 97 108 115 110 94 109 126 128 
133 121 111 107 112 103 97 96 97 92 90 90 91 89 89 89 
104 100 93 90 115 109 100 94 117 109 101 97 104 96 91 91 
101 101 101 102 101 101 101 101 101 101 101 101 101 101 100 100 
98 98 100 103 97 98 102 106 98 101 106 109 100 105 109 112 
103 110 121 132 94 96 105 117 94 92 94 103 96 93 94 98 
88 89 97 117 87 88 102 126 87 89 107 134 90 93 112 137 
113 103 81 66 126 116 92 69 131 126 102 76 130 129 110 85 
97 94 95 95 101 97 96 96 111 105 102 102 124 118 113 109 
160 109 62 60 172 117 61 59 177 125 66 60 175 131 74 62 
65 64 64 65 84 83 83 84 120 121 120 120 150 151 150 148 
115 117 114 107 111 110 102 95 109 109 98 86 111 111 97 84 
83 112 118 89 89 124 125 84 99 133 123 82 101 125 111 79 
105 106 105 105 105 105 105 105 104 104 105 105 104 104 105 106 
161 163 158 151 124 124 121 116 82 78 77 77 67 63 63 63 
88 151 133 83 76 116 128 104 84 92 117 121 92 77 102 126 
63 86 107 119 67 97 122 128 73 109 133 133 83 116 133 130 
106 103 99 97 101 98 99 104 99 100 109 121 105 109 124 135 
126 125 122 119 110 110 109 111 96 98 101 106 92 93 98 102 
112 110 111 110 110 109 108 108 110 108 106 105 109 106 104 103 
161 122 93 94 152 108 85 93 138 99 85 93 128 98 87 95 
103 103 105 107 105 107 108 110 108 110 111 112 111 112 112 112 
127 118 105 97 131 118 103 93 126 115 100 90 120 110 97 89 
98 90 101 116 117 96 94 107 144 113 92 96 160 129 97 92 
118 110 101 93 121 113 101 93 125 118 105 95 129 122 108 97 
163 114 82 96 144 106 89 104 118 101 105 114 98 100 115 118 
102 95 89 85 113 108 102 95 124 122 118 108 130 131 128 118 
105 107 113 117 105 108 112 119 105 107 113 118 105 108 112 116 
101 124 127 105 104 126 126 105 103 119 119 103 99 110 111 94 
111 112 112 112 111 112 112 111 111 111 111 110 112 111 111 111 
116 115 116 115 119 118 116 110 121 119 113 102 119 114 105 94 
109 111 120 126 117 124 133 137 107 113 120 122 93 91 94 100 
116 116 115 115 115 115 114 115 113 113 113 114 112 112 112 114 
103 109 116 118 105 110 109 106 116 117 114 108 125 129 126 116 
132 117 110 108 126 114 109 108 121 111 110 111 117 110 111 114 
115 112 108 108 108 111 114 117 104 113 120 125 106 115 126 131 
126 131 135 135 116 120 122 121 107 108 106 108 101 100 100 102 
85 86 93 101 104 108 116 122 122 126 132 134 125 129 130 129 
112 114 117 119 112 114 117 120 112 113 117 118 114 114 116 117 
115 115 115 114 117 116 115 114 117 116 116 115 117 118 117 116 
117 118 118 118 118 118 117 118 118 117 117 117 116 115 117 119 
113 112 112 115 116 116 117 118 120 119 119 120 122 121 120 121 
104 113 123 129 102 113 124 131 102 113 125 132 103 113 124 132 
126 124 115 108 122 122 117 110 119 121 120 114 117 120 121 117 
123 111 91 76 132 139 129 96 112 131 143 127 93 110 139 142 
118 135 153 162 98 117 142 156 82 96 120 140 76 84 98 118 
118 120 120 120 117 119 120 120 116 119 120 120 117 118 119 118 
150 145 138 128 133 124 116 111 118 109 105 105 109 103 104 105 
128 133 131 132 91 92 91 95 109 106 104 102 151 153 148 144 
97 96 117 146 109 100 116 147 126 111 113 139 136 117 113 128 
167 152 122 99 164 139 106 89 153 123 96 84 136 109 90 85 
129 122 115 111 130 121 113 110 134 124 114 110 137 126 115 109 
121 122 121 122 122 123 122 122 121 120 120 119 118 117 117 116 
83 159 151 86 83 162 158 87 81 159 155 87 81 153 149 89 
108 104 103 104 115 110 107 110 133 126 122 123 147 141 137 137 
131 124 100 74 137 137 114 82 135 142 131 98 132 140 137 115 
119 119 121 121 119 118 120 121 120 120 121 122 122 122 123 123 
75 90 130 163 74 91 137 174 75 95 143 178 81 104 147 176 
122 122 120 119 122 123 120 119 122 122 120 120 121 122 121 121 
127 127 126 124 123 123 123 121 119 119 120 118 118 119 118 117 
117 105 98 106 112 104 104 119 112 115 127 145 122 136 154 168 
110 113 118 119 120 125 129 127 124 127 129 127 120 122 122 122 
120 123 126 129 118 120 125 129 116 119 123 128 117 119 122 126 
123 123 123 123 123 123 123 122 124 123 123 123 124 124 124 123 
123 129 135 132 126 134 134 122 130 134 127 106 124 121 108 92 
136 133 125 119 134 131 124 116 129 126 120 116 122 121 117 114 
113 114 117 121 113 115 120 124 119 123 130 134 127 133 140 145 
122 123 123 125 124 125 125 126 125 125 126 127 123 124 125 126 
126 128 129 128 124 126 125 124 125 124 123 123 125 124 123 122 
128 128 128 127 122 124 127 129 121 123 127 129 121 123 124 125 
130 125 117 107 135 132 124 116 134 135 128 122 128 129 124 120 
134 131 131 138 132 127 127 133 124 119 120 127 115 112 114 122 
141 131 106 135 113 149 135 117 116 109 149 124 138 98 109 137 
136 116 110 114 138 116 116 128 130 121 129 138 124 122 135 143 
125 126 128 127 126 126 127 126 125 127 127 126 125 127 128 127 
119 137 146 145 111 131 138 132 108 126 131 124 109 124 126 119 
129 128 126 127 128 127 126 126 128 127 125 126 129 127 126 126 
123 122 125 128 124 124 127 130 126 127 129 131 127 128 129 131 
184 173 141 110 164 147 123 107 121 110 110 113 100 98 112 123 
153 110 108 148 156 107 99 148 157 110 93 144 156 114 95 140 
121 119 118 118 125 123 122 122 132 131 130 129 140 139 137 136 
110 100 97 95 133 124 116 109 157 150 135 121 166 160 144 128 
86 98 120 143 92 109 133 150 111 129 146 153 127 143 151 154 
133 156 150 129 157 166 131 104 163 149 101 87 147 114 82 91 
150 140 128 111 152 140 123 106 152 139 121 101 149 136 116 99 
81 79 81 85 107 107 108 110 150 153 154 152 171 176 176 173 
176 175 170 162 160 155 145 137 124 116 106 102 95 86 80 79 
164 138 94 79 172 148 100 82 176 158 113 88 177 162 123 96 
128 130 130 131 129 130 130 131 129 129 129 130 127 128 129 130 
118 126 133 140 118 126 134 141 118 125 134 141 117 126 134 140 
134 131 129 127 136 131 128 125 136 131 128 123 136 132 127 123 
127 138 131 109 127 141 145 128 112 131 147 144 101 119 143 145 
116 119 123 124 128 131 134 133 132 135 137 138 131 135 137 138 
158 108 104 143 148 139 93 108 124 157 123 92 153 173 165 103 
163 153 140 136 131 121 115 123 117 112 115 129 127 127 137 147 
143 144 146 146 136 134 134 135 126 124 124 125 120 119 119 120 
135 132 117 117 135 131 119 111 139 133 127 125 147 144 142 148 
90 112 144 162 113 135 156 155 133 143 143 127 138 139 118 102 
133 132 132 132 133 132 131 131 133 132 131 132 133 132 132 132 
104 140 162 170 97 133 157 169 90 122 148 164 90 115 137 155 
133 135 136 136 133 134 136 136 134 135 136 136 134 135 135 136 
124 141 159 128 116 124 160 143 130 110 140 151 150 121 123 143 
149 143 130 114 151 145 132 115 148 144 135 121 144 140 133 123 
147 152 155 150 145 152 155 152 128 134 139 141 100 104 110 119 
142 141 141 141 148 141 137 134 156 140 125 122 154 137 116 111 
141 136 131 132 142 137 132 132 142 139 135 135 142 139 137 137 
118 119 121 124 129 132 135 137 142 145 147 148 148 152 154 153 
124 129 148 167 138 125 127 142 167 143 113 115 180 159 124 105 
139 139 139 140 138 138 139 140 136 137 138 139 135 136 138 139 
136 137 154 171 126 124 142 165 121 120 135 155 126 125 136 151 
116 151 147 99 129 163 152 101 141 170 155 104 153 179 162 114 
141 141 140 140 141 141 140 140 141 141 141 140 141 141 141 140 
141 149 150 147 141 149 149 144 139 144 140 136 134 137 133 130 
115 138 144 153 116 141 150 159 116 143 155 163 116 143 154 163 
148 144 136 130 151 145 137 131 153 148 139 133 155 150 141 135 
167 166 160 156 160 153 146 143 147 136 128 128 135 124 117 119 
141 142 143 143 141 142 143 143 143 143 144 145 144 144 145 145 
147 147 146 146 146 145 145 145 143 143 143 143 141 141 141 142 
133 138 145 150 135 141 148 153 138 143 149 154 139 144 149 152 
146 140 146 155 149 140 143 155 155 141 136 150 157 143 130 143 
140 139 139 140 138 136 136 139 146 147 148 150 157 158 159 160 
146 146 146 145 147 147 146 145 147 147 146 146 147 147 146 146 
188 181 147 110 188 178 137 100 185 172 128 95 178 160 121 93 
125 125 128 132 154 156 157 154 162 164 162 157 149 150 146 142 
149 149 149 150 147 147 148 148 146 147 147 148 146 147 148 149 
160 154 145 141 157 151 142 140 155 148 142 141 154 149 145 143 
147 147 146 147 148 148 148 148 150 150 150 149 150 151 150 150 
103 122 146 156 120 140 156 161 143 159 164 162 160 167 165 160 
150 139 121 107 162 156 138 123 168 165 155 145 167 168 164 157 
145 151 155 158 142 147 154 157 140 143 152 156 140 144 150 154 
153 153 151 148 153 153 152 149 150 151 150 149 143 144 146 146 
165 166 162 145 163 164 158 137 155 157 148 126 149 150 140 119 
151 151 151 151 151 150 150 150 151 150 150 150 151 151 150 150 
173 181 183 181 160 168 173 172 132 141 150 151 104 109 118 125 
146 150 152 155 147 150 153 156 149 152 155 157 151 154 156 158 
158 158 160 161 157 158 159 160 150 150 151 152 141 141 142 143 
153 153 152 152 153 153 152 152 153 153 153 153 152 153 153 153 
156 131 153 183 153 125 156 187 146 122 157 187 137 123 159 185 
152 165 169 150 142 156 175 166 128 136 169 175 124 120 156 177 
112 113 116 120 142 146 149 152 166 172 174 174 177 182 184 182 
161 159 153 141 160 159 154 144 159 158 154 147 159 157 155 149 
168 171 173 170 152 153 156 156 140 143 146 147 146 149 151 151 
32 32 32 32 192 192 192 191 197 198 198 197 197 198 197 197 
156 156 156 156 156 155 155 156 156 155 155 156 156 156 156 156 
142 149 168 176 153 139 152 170 173 148 142 159 180 159 140 146 
176 161 145 151 178 162 140 147 178 162 138 144 176 159 140 147 
151 152 153 153 158 161 162 162 157 161 163 163 148 153 156 156 
150 148 148 148 154 153 152 152 162 161 160 159 167 166 166 165 
97 162 185 186 95 163 187 187 95 163 187 187 98 163 184 185 
129 169 168 169 127 170 169 168 126 171 169 169 126 169 168 168 
160 160 160 160 160 160 160 160 159 159 159 159 159 159 159 159 
182 163 121 85 191 181 144 97 196 192 169 123 197 196 184 149 
144 153 168 174 144 154 169 175 148 157 170 175 153 160 169 174 
199 200 200 198 195 195 193 189 172 171 167 163 93 91 89 88 
180 180 175 164 181 179 170 151 180 175 157 133 175 166 143 121 
165 165 165 165 165 165 165 165 165 165 165 165 165 165 165 165 
185 186 183 181 177 176 173 173 160 157 157 161 144 143 149 154 
156 156 156 155 165 165 165 166 172 172 173 172 175 177 177 176 
171 171 171 171 171 171 171 171 171 171 171 171 170 171 171 171 
153 180 189 168 155 182 188 164 162 184 186 158 168 183 179 151 
196 196 180 144 197 196 177 134 197 195 172 127 195 191 164 125 
163 183 192 193 152 178 192 196 139 170 190 194 131 159 182 190 
177 176 176 176 177 176 175 175 177 176 175 173 176 175 174 172 
173 174 174 175 174 175 176 177 175 176 177 178 176 177 178 179 
136 143 153 161 160 168 176 181 182 188 192 194 191 195 197 197 
196 198 199 198 195 197 196 194 182 182 178 174 141 136 129 126 
193 191 177 176 195 187 169 170 193 180 159 164 189 172 160 168 
180 180 180 180 181 180 180 180 181 181 180 181 180 180 180 180 
182 184 188 190 180 183 187 190 178 181 185 189 177 180 185 189 
185 185 185 185 186 185 185 185 186 185 185 185 186 185 185 185 
197 187 166 137 201 195 181 156 203 200 194 176 202 202 198 186 
176 174 174 176 186 186 186 186 195 195 195 194 197 199 198 196 
189 189 189 189 189 189 189 189 188 189 189 189 188 188 189 189 
201 198 195 180 202 199 194 176 202 199 191 167 201 197 187 160 
191 191 190 190 192 191 191 190 192 192 191 191 192 192 192 192 
146 169 186 193 172 190 200 203 193 202 206 207 198 205 206 205 
194 194 194 195 194 194 194 195 194 194 194 194 194 194 194 194 
203 204 204 203 203 204 203 201 197 197 195 192 180 178 175 172 
178 201 202 206 177 201 203 207 174 200 202 207 171 197 201 206 
197 197 197 197 197 197 197 197 197 197 197 197 197 197 197 197 
201 202 202 202 202 202 202 202 202 202 202 202 201 202 202 202 
206 206 206 206 206 206 206 206 206 206 206 206 206 206 206 206 
216 218 217 216 219 220 220 218 216 215 216 212 191 188 187 180 
209 210 210 210 209 210 210 210 209 210 210 210 209 210 210 210 
208 207 204 198 214 212 211 205 216 216 214 211 217 216 216 214 
214 214 214 214 214 214 214 214 214 214 214 214 214 214 214 214 
218 218 218 218 219 219 219 219 219 220 220 220 219 220 220 219 