183	202	126	82	159	16	31	76	111	42	200	195	158	250	232	86	143	252	187	75	217	91	21	49	127	229	168	235	149	111	255	122	86	143	195	10	179	50	151	189	25	131	214	0	200	90	140	240	215	133	145	172	185	208	151	129	110	147	62	11	45	210	233	93	38	93	22	200	23	162	43	193	168	43	174	233	168	118	58	235	205	199	205	165	41	39	233	170	91	18	255	164	202	47	30	148	1	226	212	195	233	98	82	246	233	253	63	29	215	94	37	199	192	103	108	145	176	100	232	250	215	17	131	248	254	36	244	171
92	194	108	24	219	211	244	106	41	164	57	45	87	176	111	249	217	135	54	82	254	72	229	62	7	10	181	90	217	0	186	254	79	21	83	223	39	98	99	237	145	250	127	77	140	48	248	59	145	187	112	92	120	4	14	204	252	249	128	39	157	207	144	222	86	254	124	17	231	246	170	51	252	130	70	206	161	207	120	34	60	16	134	119	253	165	29	127	143	138	11	151	60	90	183	94	41	241	218	34	242	131	206	18	141	79	237	170	217	23	225	73	55	22	116	81	108	88	14	106	151	25	235	41	66	152	210	70
117	205	67	7	105	188	167	167	245	105	129	177	25	111	1	177	146	249	148	6	80	132	174	14	236	42	169	130	123	95	168	115	40	73	22	48	148	236	136	211	124	180	29	221	129	133	6	28	37	22	39	37	19	212	108	131	119	53	42	202	217	216	133	90	104	190	87	17	75	26	97	15	158	246	141	179	187	230	150	57	198	96	47	66	231	100	81	185	170	157	60	38	158	47	88	35	33	178	231	14	163	214	168	51	153	75	242	19	25	171	82	189	144	60	141	31	43	208	38	144	6	185	142	204	120	227	143	88
214	46	234	137	51	160	253	150	252	38	10	26	191	65	51	66	193	87	20	160	48	122	34	102	163	231	235	115	20	37	82	175	31	175	7	26	255	176	76	227	225	204	102	131	60	185	42	97	63	223	159	87	124	212	38	63	64	28	152	13	75	153	99	187	155	241	55	142	254	85	166	46	81	145	202	80	136	161	84	210	240	45	117	74	174	243	112	93	232	163	49	188	9	54	23	41	253	169	179	35	162	56	151	89	192	200	137	31	144	40	74	176	47	85	229	147	17	36	238	216	75	251	228	6	54	206	146	137
212	60	30	35	147	16	201	130	77	48	8	52	124	69	76	42	59	188	84	249	109	192	206	243	153	213	203	46	139	173	46	27	61	154	71	175	21	198	115	123	191	111	246	234	200	79	239	112	96	68	44	14	1	75	189	168	43	171	100	204	193	5	36	98	255	73	146	247	144	49	119	7	6	59	110	72	8	51	174	28	101	105	114	251	233	34	228	243	105	39	26	183	9	20	44	80	200	82	167	196	92	232	132	131	248	98	194	110	254	173	33	132	74	98	98	148	217	127	35	172	248	184	202	29	214	78	113	221
89	116	46	64	231	80	70	33	233	248	73	144	97	224	100	146	208	185	130	230	76	223	48	66	232	240	203	186	19	133	56	28	96	157	214	103	89	253	183	226	124	36	101	251	53	145	202	27	32	100	177	115	4	149	98	56	74	149	237	64	224	231	4	156	60	240	133	72	212	201	8	118	138	12	85	164	189	174	126	157	5	226	160	77	162	137	67	205	251	164	174	191	158	22	249	172	213	159	174	124	44	115	51	27	23	0	215	127	20	19	200	195	86	107	176	192	161	113	36	193	33	5	6	71	131	209	15	210
113	3	169	161	179	3	205	133	211	213	226	231	82	125	51	130	181	114	148	134	55	161	234	240	156	68	226	162	255	51	55	66	48	243	229	9	32	104	148	192	39	146	241	246	180	69	129	77	180	197	224	40	207	100	23	252	116	128	36	63	71	87	43	216	206	82	39	7	192	84	2	238	229	51	221	204	167	183	162	158	186	103	4	60	221	190	121	253	110	67	204	58	176	133	225	103	27	22	3	3	100	181	253	12	63	117	93	76	4	210	83	233	3	78	174	100	63	62	49	67	229	51	137	130	201	211	184	46
35	62	240	238	182	19	125	125	147	253	24	20	118	125	221	80	210	61	68	200	246	64	99	57	234	63	65	149	225	242	129	148	165	15	107	62	223	255	253	215	132	100	204	7	221	67	88	186	62	224	200	96	162	128	74	178	18	16	182	188	116	161	234	85	242	18	252	253	106	183	126	87	148	9	214	38	249	167	222	222	112	161	16	96	237	35	198	134	44	66	105	117	143	229	160	222	150	57	9	178	82	181	255	44	92	11	168	2	11	156	77	96	87	0	155	183	175	226	162	234	232	62	120	244	251	210	161	214
140	78	231	51	175	175	204	135	196	83	83	192	78	115	168	24	212	2	251	134	48	164	63	198	160	241	59	242	131	193	181	63	31	6	207	118	236	252	94	103	180	164	96	112	195	61	136	225	9	13	201	28	146	139	183	199	8	185	45	58	2	187	2	208	36	252	68	241	181	82	15	104	46	56	57	151	124	58	18	251	44	233	172	76	221	246	138	19	70	131	89	50	30	230	40	8	149	62	215	128	22	193	51	193	0	137	97	63	206	141	238	73	119	167	218	217	122	243	40	42	112	39	207	55	207	196	180	74
0	94	238	100	89	126	8	7	143	240	244	120	239	88	187	165	78	170	46	230	139	108	105	87	188	172	200	184	119	59	194	135	245	19	227	1	160	165	52	2	255	184	149	25	223	197	123	179	250	213	226	212	28	68	234	255	235	86	19	226	248	124	68	79	146	21	49	99	103	148	130	140	98	56	26	76	143	80	202	164	228	35	172	8	66	160	198	181	46	194	97	82	211	192	200	234	146	254	30	125	147	194	92	100	3	203	67	155	215	120	145	165	161	85	80	166	112	199	131	11	3	63	23	112	129	46	202	80
178	189	213	189	95	181	122	81	186	214	196	201	116	134	132	194	222	88	133	77	68	192	124	93	252	24	173	84	133	40	22	180	119	137	55	106	202	62	134	40	31	231	225	66	157	128	93	44	47	201	49	241	179	69	182	198	116	42	25	87	182	222	97	14	203	61	18	25	155	175	219	208	40	214	246	61	204	139	108	250	165	40	122	118	206	179	244	205	140	186	15	77	51	172	34	143	180	12	142	59	225	37	77	194	164	8	121	132	183	66	117	49	236	113	26	106	71	183	235	61	146	54	144	37	145	253	121	64
82	187	175	84	179	254	1	145	24	95	21	168	162	227	46	157	196	181	176	133	21	171	49	193	114	13	78	11	79	84	231	193	212	67	64	169	127	207	162	90	117	191	29	32	123	227	55	0	143	118	120	129	227	218	245	85	200	147	169	216	101	250	254	234	24	149	66	220	0	19	182	41	21	242	214	201	127	39	107	50	6	145	182	51	96	149	8	236	162	59	140	16	217	188	248	184	101	60	214	207	182	183	72	216	110	173	48	193	61	210	210	106	6	187	23	148	35	210	247	242	236	235	185	69	254	163	238	51
152	124	172	61	168	89	8	48	95	114	134	204	108	24	236	73	114	230	89	113	185	172	6	116	157	219	241	34	82	60	143	41	54	106	162	244	159	135	162	132	207	49	133	84	226	90	19	115	101	8	23	121	106	118	93	164	100	101	243	61	197	77	206	204	246	232	112	35	238	134	147	188	252	40	6	246	221	249	39	245	194	129	158	190	48	210	65	70	24	25	10	120	234	17	151	172	238	253	222	184	92	179	193	23	103	40	37	179	94	32	32	36	67	211	228	143	0	234	192	97	104	8	124	158	133	33	23	161
240	192	184	229	95	155	116	121	212	55	156	22	239	74	63	115	143	163	25	161	234	40	244	242	246	232	88	199	156	6	108	176	246	13	9	12	171	90	134	196	135	162	212	243	128	58	109	5	77	12	231	155	40	122	178	153	38	72	167	94	223	49	49	25	247	203	67	49	105	232	96	33	76	129	140	97	244	33	13	120	15	143	14	51	166	133	155	30	243	11	167	209	91	100	215	181	59	112	169	183	72	93	191	70	101	33	217	80	32	48	116	50	169	177	246	237	97	103	168	247	131	79	195	8	59	110	208	62
61	222	223	79	85	238	244	103	47	122	88	166	197	208	206	126	104	86	46	223	55	60	176	239	32	4	39	101	160	103	222	185	98	205	116	145	222	54	2	17	54	105	59	238	69	41	212	60	158	29	24	88	230	108	253	97	64	205	152	176	213	81	241	202	216	89	171	112	165	82	161	222	141	16	129	175	162	191	240	129	122	33	25	85	60	70	12	26	129	189	83	25	157	254	20	104	224	122	229	185	35	84	176	14	99	103	167	97	10	41	42	79	245	131	94	199	49	145	142	181	117	162	66	211	7	145	74	249
251	238	143	124	203	181	208	219	144	199	50	67	15	181	99	104	17	96	172	27	6	234	112	13	56	129	251	250	25	209	124	183	114	175	112	102	243	3	148	203	251	199	125	63	185	209	72	26	167	202	160	99	169	77	63	113	20	157	53	239	47	226	140	89	74	147	130	139	220	43	165	66	25	162	173	1	14	246	182	203	18	77	34	101	245	117	137	199	123	99	41	48	93	238	142	116	187	198	253	142	31	34	62	121	33	52	105	28	242	143	60	160	106	160	135	229	157	8	184	163	4	242	218	65	2	214	203	99
167	119	45	252	35	172	86	245	102	95	193	147	165	158	246	69	231	223	38	1	102	250	42	5	131	219	48	141	173	102	193	125	214	119	217	251	87	183	6	102	227	114	184	250	52	85	202	182	203	240	76	96	239	145	61	48	95	39	191	210	113	193	136	171	176	139	107	132	200	95	103	144	141	164	118	248	199	151	46	95	230	75	116	152	57	51	140	236	253	126	11	214	179	189	248	216	31	151	6	65	107	176	30	253	45	132	237	25	81	218	105	231	67	116	37	92	218	197	119	115	44	178	239	74	61	239	199	251
152	164	157	179	104	27	189	132	68	160	62	18	200	133	80	129	19	133	5	142	200	162	217	116	147	227	159	64	193	148	149	161	80	174	67	120	158	151	215	157	223	173	93	175	8	167	235	140	155	61	235	227	92	171	71	152	226	214	163	6	102	41	216	113	0	35	163	26	239	81	55	6	70	5	161	44	179	168	96	26	36	15	225	98	187	210	150	229	166	73	66	84	1	40	183	219	175	87	120	35	198	223	242	135	70	212	107	246	101	78	23	177	209	135	209	243	44	175	120	253	134	127	164	138	219	19	104	239
181	146	4	229	153	29	94	185	43	244	45	63	114	41	49	208	122	162	141	69	109	65	183	54	149	116	245	15	110	192	220	65	248	75	175	70	193	7	79	140	115	21	117	211	185	196	214	157	112	36	49	83	9	199	91	109	59	38	23	45	116	68	194	143	182	224	53	67	234	85	83	217	4	194	162	117	102	99	108	203	251	106	162	205	177	35	218	18	233	162	43	235	36	21	143	7	57	14	143	248	186	116	182	129	74	146	139	180	219	230	27	16	49	254	173	170	20	225	9	201	116	211	212	145	227	249	36	242
65	101	54	18	30	16	171	214	48	73	211	181	134	145	39	52	98	202	142	110	223	112	232	152	158	48	6	226	253	197	12	149	230	199	100	250	247	87	132	200	2	20	77	178	110	198	228	113	241	82	141	229	217	3	62	46	208	68	212	66	11	85	139	247	108	163	118	124	121	171	185	160	112	170	171	57	48	42	175	88	203	110	214	120	73	49	158	211	177	181	48	52	209	143	188	28	148	43	223	144	0	234	28	78	178	17	41	131	127	233	33	60	204	201	123	53	218	118	168	218	170	250	40	112	151	44	100	123
40	186	94	142	111	170	1	21	2	245	248	238	39	110	10	23	111	126	211	20	164	68	95	18	221	221	103	25	207	219	209	211	225	51	118	119	246	57	200	148	38	192	207	140	111	194	103	189	184	85	138	131	240	98	221	5	248	239	55	69	190	18	198	42	38	174	228	248	82	54	119	135	118	40	127	3	179	100	198	30	223	115	36	135	114	208	226	3	140	198	130	100	23	212	246	167	65	187	191	183	161	80	131	200	141	9	241	81	243	219	20	172	142	191	81	194	134	253	174	1	250	200	149	38	67	201	51	10
118	60	26	194	66	145	132	180	94	216	191	249	199	99	196	237	174	3	134	151	127	213	14	155	220	154	127	221	70	48	20	187	184	211	54	190	63	227	8	219	50	250	91	74	80	14	125	206	95	40	89	230	169	169	147	181	148	79	51	214	88	2	243	104	221	88	130	232	227	55	39	195	248	20	134	229	241	51	154	209	110	16	222	210	79	174	144	27	204	195	128	200	65	200	250	10	135	142	28	75	70	209	121	109	146	235	149	161	198	247	194	127	117	69	83	234	110	202	106	117	144	181	234	96	146	24	80	167
83	163	174	34	184	32	145	32	25	99	65	109	236	39	20	144	57	94	122	36	81	238	153	184	15	6	220	44	193	205	37	96	139	18	191	78	110	143	121	0	192	227	126	123	171	102	10	238	175	140	134	86	67	235	53	207	190	60	218	99	190	156	156	106	151	27	75	217	234	130	166	143	171	50	46	73	28	206	198	204	227	4	116	122	241	246	99	17	145	94	149	91	161	67	234	80	3	13	28	254	184	59	142	255	255	117	89	124	19	44	199	229	91	45	31	104	166	38	111	254	249	222	161	109	35	169	205	182
130	116	250	111	204	59	143	86	172	162	7	227	5	166	117	184	236	175	97	10	155	218	16	11	197	230	158	166	58	214	57	221	17	195	31	167	254	158	84	34	234	134	151	23	1	104	2	229	46	76	97	20	122	217	150	81	104	206	82	237	48	154	113	44	65	119	73	39	116	2	35	138	188	12	66	205	213	24	40	188	34	212	138	24	207	197	160	241	148	49	22	234	42	78	113	188	111	251	238	167	19	102	206	60	152	254	58	8	247	178	57	29	6	194	1	47	65	95	41	61	121	156	99	16	41	131	231	21
167	244	69	110	154	54	36	37	152	201	66	213	173	143	181	142	207	193	168	127	212	74	139	110	128	154	225	202	35	61	194	19	149	51	137	110	149	218	236	142	159	92	121	7	22	13	237	234	248	111	222	99	19	242	225	135	207	55	90	152	118	145	253	120	241	243	221	25	80	95	11	62	175	71	182	123	143	182	32	203	67	160	186	175	20	224	163	175	46	30	168	188	246	8	199	231	47	107	233	197	252	132	57	40	2	230	191	45	95	221	178	23	73	82	138	162	177	185	1	115	176	181	81	45	208	134	170	107
199	96	227	214	155	75	91	189	45	200	60	14	252	206	37	235	14	200	25	57	220	51	45	204	68	147	252	74	230	47	155	104	191	238	59	119	221	165	190	98	125	198	102	54	136	106	93	93	214	47	235	235	237	145	185	86	162	17	24	225	158	12	90	25	207	113	63	80	163	253	217	132	38	220	77	218	114	206	14	180	122	12	39	177	187	187	251	139	76	196	28	193	74	85	242	118	138	140	110	238	93	15	51	103	240	100	235	170	176	216	7	174	72	232	139	194	183	185	70	31	93	5	96	149	20	247	236	204
73	205	58	181	163	209	60	202	88	124	150	230	240	200	48	18	236	68	205	67	40	19	121	88	8	187	184	110	72	71	252	219	126	122	60	154	251	113	59	12	227	66	199	117	37	170	200	4	106	77	165	115	200	168	108	36	86	220	202	238	83	216	78	147	97	209	143	246	81	212	181	122	70	80	145	137	119	235	245	191	70	19	109	239	145	191	240	23	173	92	225	128	206	171	47	220	212	97	62	40	25	155	20	215	173	160	117	46	175	84	155	24	144	144	240	55	31	212	4	84	137	52	140	202	27	24	96	174
162	142	52	25	220	214	192	222	184	180	20	61	190	136	199	182	226	186	141	136	28	117	100	215	240	24	174	109	115	212	21	112	90	111	242	115	213	113	96	90	35	74	20	182	1	232	167	252	116	39	137	166	244	220	9	113	130	142	11	162	48	57	197	85	125	175	163	52	28	200	211	139	251	197	222	205	149	180	234	153	230	36	203	123	47	251	3	28	123	101	216	33	205	1	131	223	134	169	131	91	76	30	58	10	125	200	61	187	44	88	47	235	58	241	67	10	112	193	168	168	34	53	55	15	253	8	231	245
86	240	5	125	176	183	74	128	176	226	93	101	38	104	10	61	97	1	73	121	107	152	217	69	244	62	151	59	1	44	150	176	119	154	196	55	154	231	241	35	194	230	12	161	242	214	227	55	62	0	90	148	60	41	202	105	72	186	179	249	131	24	104	73	230	179	250	94	75	172	195	145	224	116	123	128	144	46	118	100	21	156	178	188	129	222	153	105	38	199	53	207	92	2	211	176	23	156	150	66	81	135	162	138	91	130	19	65	176	107	134	95	203	219	96	74	150	151	185	159	196	211	104	247	143	18	121	87
129	102	120	12	138	137	200	59	174	253	202	103	116	198	7	144	227	168	41	153	39	78	68	36	38	92	117	98	28	185	59	218	231	153	34	31	212	95	90	88	210	57	47	201	23	237	149	15	193	184	66	110	205	163	193	147	117	131	245	169	80	61	112	46	68	84	161	85	105	22	0	175	255	143	16	165	195	157	236	163	138	206	95	82	138	66	208	91	189	249	81	72	44	162	190	185	164	213	0	123	204	32	193	194	195	211	169	131	224	87	21	186	114	115	217	141	170	88	66	161	102	224	97	15	238	32	193	16
232	131	42	232	146	208	215	120	70	132	248	75	78	176	19	30	214	245	97	202	134	7	227	36	203	113	92	157	3	233	11	39	91	82	255	251	15	90	154	137	101	55	87	161	246	11	63	193	93	50	249	180	163	251	189	146	105	97	187	225	146	178	1	225	240	111	101	0	178	142	17	165	151	72	240	186	179	3	228	167	132	237	225	247	192	58	33	69	247	190	100	51	38	126	118	31	198	125	162	91	237	148	38	184	26	147	229	32	8	17	156	80	220	120	146	131	62	6	192	228	133	218	9	216	199	50	196	231
12	4	100	103	104	226	128	183	40	109	128	189	31	77	113	45	32	128	48	45	199	181	134	195	192	84	135	92	63	133	129	27	133	8	15	218	193	138	226	110	170	89	11	91	215	118	236	212	103	173	214	126	87	87	194	140	6	195	145	244	16	203	249	142	60	111	172	18	18	81	13	151	176	92	158	157	149	182	14	4	199	18	40	176	46	89	54	46	76	147	79	131	52	123	190	23	107	6	252	66	107	113	157	25	78	216	221	142	128	156	205	110	171	144	157	153	78	73	79	244	234	156	80	235	120	206	128	78
164	242	247	47	209	161	111	162	108	69	5	109	133	139	221	8	82	75	235	91	137	87	26	194	248	119	139	84	18	80	86	69	203	135	224	240	202	200	83	111	138	203	231	204	88	247	245	214	119	194	132	222	133	79	107	136	163	33	206	244	30	216	76	244	111	173	118	179	31	248	6	132	240	70	64	170	48	228	210	36	170	118	10	235	252	0	144	116	54	214	42	8	106	174	96	71	91	245	82	76	6	112	76	9	151	126	102	128	178	200	101	228	214	79	51	247	114	9	0	160	165	86	73	184	89	242	112	17
208	44	157	31	60	195	1	184	67	102	103	243	23	23	131	146	82	18	209	244	196	251	210	115	19	24	59	60	141	208	113	198	45	47	48	226	72	254	36	18	72	251	223	109	63	141	228	73	210	87	59	200	184	135	26	159	147	213	172	112	160	112	247	165	137	125	54	13	232	89	230	3	61	55	140	220	128	112	84	225	6	238	238	57	41	62	71	161	250	196	3	83	127	53	142	152	55	18	47	153	34	14	90	5	250	56	184	12	93	77	75	128	57	223	28	143	56	180	125	215	202	173	98	179	96	229	152	116
156	74	74	40	102	246	173	127	184	98	187	25	101	129	8	78	46	133	241	169	245	240	213	246	204	176	255	189	180	60	222	192	52	65	188	0	57	140	81	92	64	111	31	192	224	241	111	127	126	0	87	203	59	77	158	222	217	100	238	69	134	248	43	136	20	204	87	220	214	224	205	140	166	187	110	165	132	93	130	126	49	235	135	200	241	188	2	161	126	175	206	13	141	18	251	178	50	244	204	56	71	198	78	108	7	93	3	162	167	234	11	76	222	246	110	125	129	243	25	223	10	17	25	184	142	143	87	142
101	68	210	187	85	244	61	236	219	28	82	129	178	49	116	129	30	154	176	253	222	205	0	13	33	154	49	138	210	201	235	75	223	176	183	206	66	50	66	245	33	107	235	218	66	209	67	141	19	208	87	252	232	140	39	226	32	146	120	23	230	166	143	89	58	61	147	246	26	66	151	8	39	99	186	150	190	176	99	89	51	180	241	131	206	237	195	175	158	94	184	99	239	168	127	170	30	251	74	209	138	101	159	63	254	79	80	201	76	22	192	217	213	85	251	17	93	143	249	105	25	237	36	122	39	193	217	62
57	44	123	51	53	207	144	219	184	72	27	132	193	75	228	117	147	48	1	180	104	252	4	220	143	162	17	2	202	48	15	28	119	234	241	142	28	248	121	105	240	175	116	43	10	9	45	108	66	44	213	62	192	192	225	99	202	197	194	150	155	55	0	104	128	169	47	212	9	75	240	155	19	106	213	155	48	61	232	77	153	100	206	203	7	37	220	184	127	78	229	252	127	33	146	173	248	1	153	126	246	223	123	46	116	250	39	236	61	82	195	202	64	158	91	20	218	41	211	232	205	127	168	153	111	132	226	106
21	209	49	76	21	208	101	97	121	48	134	154	246	156	96	138	35	0	16	235	214	168	160	69	153	207	22	206	145	85	108	153	191	53	100	191	225	1	109	179	24	168	172	55	211	95	222	199	83	242	213	20	214	80	222	49	107	89	27	135	237	142	144	34	36	41	91	43	73	114	30	59	174	235	108	33	166	170	231	95	30	252	48	87	242	165	48	113	236	171	204	230	107	179	138	57	113	81	194	75	75	60	168	27	64	75	108	149	30	53	186	89	14	127	11	94	134	82	188	242	243	253	250	47	215	96	12	90
47	184	2	214	53	246	42	62	191	224	133	210	215	172	108	248	193	62	50	182	188	225	94	105	26	234	161	178	188	182	77	241	141	151	3	63	108	113	190	36	229	75	77	233	119	132	180	227	73	19	22	1	23	98	192	162	134	100	68	240	164	187	77	69	161	1	124	3	114	130	151	38	181	215	246	55	123	217	108	12	96	241	16	23	230	46	148	139	72	246	125	65	125	99	119	70	39	40	101	98	159	138	254	20	189	29	154	154	230	145	153	97	80	234	43	1	204	49	197	221	211	254	166	21	52	207	38	196
94	205	220	129	42	100	210	204	216	221	237	130	90	218	30	245	63	186	4	181	128	158	214	165	89	78	80	46	147	224	84	150	3	183	130	255	177	163	94	135	123	3	78	184	143	253	106	125	156	82	29	61	45	36	229	65	155	247	127	89	99	72	196	54	193	8	193	246	39	50	83	126	96	25	116	174	159	170	235	253	87	150	113	237	180	15	70	219	251	248	95	111	104	165	234	22	119	56	49	35	237	185	48	204	118	5	47	45	91	220	110	246	199	46	2	122	178	136	117	100	79	56	231	179	118	118	59	113
239	17	63	237	154	153	220	195	140	245	173	244	194	142	190	79	159	66	113	217	179	28	56	48	77	163	109	7	192	22	65	112	111	122	183	132	155	162	145	241	152	133	231	118	209	253	242	160	76	35	235	197	239	209	73	208	29	151	228	28	163	129	78	88	3	56	228	253	213	36	143	230	219	190	34	178	13	65	189	140	4	15	91	235	204	190	219	23	222	2	197	106	121	1	35	141	107	183	77	193	247	182	20	154	125	168	199	156	178	64	203	164	91	213	86	204	166	89	114	52	121	8	4	14	1	98	76	79
39	14	22	108	38	164	87	24	131	105	161	81	138	25	174	99	229	74	121	93	197	117	19	108	106	222	46	179	8	207	158	101	129	111	90	94	116	195	114	26	37	220	15	58	155	247	212	190	196	138	228	208	174	124	3	227	23	128	14	124	250	147	135	8	252	182	134	238	122	36	232	48	164	104	122	78	85	194	9	94	118	17	43	186	210	140	243	212	105	242	145	181	145	24	93	36	51	133	131	231	36	176	8	165	93	179	253	247	27	19	25	140	146	15	142	169	80	204	58	108	209	48	241	16	55	187	72	249
87	28	92	152	234	49	48	221	51	157	87	156	4	222	81	141	205	237	75	50	102	175	136	43	8	214	60	29	176	126	99	210	152	208	190	71	180	168	203	47	110	85	144	118	158	192	182	209	155	254	118	94	100	12	207	40	158	164	219	135	253	122	116	210	65	215	140	203	30	183	29	21	86	135	111	154	98	148	96	48	150	178	185	63	8	105	145	177	136	60	186	106	96	125	72	130	202	81	42	243	239	114	20	93	202	122	103	65	247	152	147	144	138	156	0	223	115	117	181	185	175	241	215	112	181	173	50	106
203	180	161	161	220	93	45	5	58	250	27	235	103	140	152	220	195	106	183	210	181	136	63	178	236	54	51	226	25	67	123	98	124	215	141	111	1	247	157	32	4	20	213	201	103	75	173	89	163	252	175	2	225	247	62	255	246	70	254	186	61	54	185	252	28	110	121	26	239	97	63	193	244	241	251	6	215	173	66	17	249	188	236	227	55	246	198	29	170	13	80	97	62	200	50	252	100	104	195	187	67	25	111	30	56	185	213	24	51	58	253	19	210	51	209	122	40	192	7	78	23	235	9	150	200	186	182	9
227	247	200	1	56	35	144	211	224	166	23	32	188	59	81	94	173	101	52	217	165	128	218	61	154	29	80	251	25	55	30	62	171	72	209	140	234	184	47	171	202	182	18	86	226	205	94	130	48	27	118	248	79	66	108	226	247	68	83	4	225	80	97	82	241	235	169	183	22	235	18	76	15	175	80	51	75	0	209	222	109	186	176	214	162	70	207	252	252	224	25	27	208	199	182	245	32	89	73	18	218	24	11	160	21	87	52	142	169	25	13	202	190	17	210	4	112	59	27	1	250	16	28	179	100	85	40	43
43	34	42	236	9	66	23	117	207	144	143	145	127	61	211	8	167	143	58	98	69	66	116	125	173	178	197	57	209	15	254	172	162	169	41	76	169	171	132	53	22	57	99	99	105	31	223	169	141	133	50	105	42	88	249	62	6	11	222	64	106	199	71	111	4	122	7	184	56	122	118	100	123	209	161	115	177	49	48	216	219	17	255	94	49	32	94	95	133	198	8	248	225	253	24	194	47	60	1	201	121	178	140	128	192	34	26	249	118	134	169	159	173	182	13	111	206	134	138	240	231	114	16	8	194	30	8	247
166	189	210	68	193	74	119	97	218	124	202	52	164	75	95	203	111	60	48	68	71	114	24	88	243	96	52	250	40	115	3	208	175	99	233	197	28	88	103	244	95	149	239	192	93	145	67	7	232	49	211	243	92	83	119	110	218	233	94	159	16	130	187	251	90	173	145	190	181	11	237	93	110	59	208	200	164	71	23	112	92	61	58	211	109	60	212	242	203	71	12	217	185	72	31	85	247	211	88	202	109	102	72	251	114	240	37	153	212	225	55	14	110	118	228	22	21	66	130	112	215	199	63	168	7	236	15	139
191	76	192	81	238	39	116	92	90	243	195	240	14	162	67	93	122	132	121	55	53	239	15	163	115	151	31	68	103	166	158	133	136	10	74	239	74	154	224	139	123	87	27	244	8	241	190	251	18	159	237	228	42	203	114	4	5	221	107	45	182	8	50	54	30	141	180	13	233	107	54	26	247	224	152	190	72	159	131	236	241	178	238	189	142	93	2	239	120	187	252	56	95	39	218	251	75	157	8	198	104	62	25	68	149	138	36	192	65	93	179	254	128	198	90	110	147	127	97	205	3	146	26	212	51	138	129	217
137	61	118	69	218	89	9	77	113	222	235	250	187	108	21	231	191	171	177	218	167	179	120	241	54	205	206	241	88	190	163	32	192	27	222	25	229	99	54	75	132	193	76	135	108	105	174	169	95	189	59	144	157	218	237	18	9	139	60	75	132	96	14	25	186	87	115	38	106	72	38	137	55	192	158	72	218	254	200	253	28	248	2	205	154	210	102	197	205	134	164	100	41	157	147	204	179	16	148	30	197	18	251	205	180	57	184	250	228	243	161	167	117	136	65	151	212	252	238	81	47	36	72	58	105	233	156	66
64	82	69	222	87	249	44	33	37	238	61	166	2	226	240	152	44	151	177	190	219	169	184	207	228	24	53	228	171	104	196	240	79	124	42	208	130	75	138	149	195	31	74	147	170	113	98	164	31	68	71	238	33	35	240	135	156	14	57	99	1	104	198	121	93	23	29	205	107	161	87	95	169	148	69	252	254	99	221	15	229	185	66	156	75	203	16	8	204	103	242	96	216	146	135	187	51	216	236	79	114	231	138	29	211	216	143	228	88	10	104	6	127	245	141	244	162	223	129	150	51	179	146	85	89	197	240	190
20	65	89	216	183	52	141	102	175	21	235	19	211	232	151	190	58	226	2	143	1	168	167	123	68	232	64	79	8	182	232	90	203	228	253	101	93	241	38	193	0	242	26	222	203	33	183	155	102	144	41	209	209	244	100	34	163	97	81	224	52	98	187	85	103	40	199	73	124	153	193	158	97	163	105	113	79	103	1	231	80	251	227	10	23	210	66	71	10	151	69	115	209	90	94	106	222	213	70	235	90	190	149	148	65	8	90	155	218	21	163	161	186	211	233	88	30	104	82	218	74	201	188	212	244	46	214	188
85	130	167	52	233	5	116	143	32	191	201	126	156	102	121	92	73	146	252	175	36	72	55	73	37	226	184	27	236	175	6	221	190	29	141	6	125	0	35	13	189	32	232	197	169	123	223	228	185	5	164	239	216	133	248	89	173	115	19	122	190	228	204	84	245	86	211	137	67	15	64	164	234	42	233	69	18	212	123	26	208	159	219	228	77	174	244	24	207	53	45	85	65	34	131	171	174	222	207	17	175	228	107	206	171	192	163	36	250	195	79	221	204	156	175	118	96	65	88	249	123	244	0	181	56	244	198	142
101	8	227	44	62	103	4	253	235	247	130	12	85	182	193	116	200	164	89	176	214	172	65	143	189	223	104	235	205	56	88	145	51	134	46	126	202	85	31	80	240	231	100	163	204	67	99	138	98	80	175	99	89	127	128	48	151	182	98	162	106	21	97	203	233	239	163	44	131	207	113	38	182	24	152	147	105	66	141	151	30	25	25	250	17	73	118	238	225	6	211	124	45	126	208	80	16	139	147	247	170	45	10	235	159	178	252	191	61	204	167	245	152	36	134	107	190	159	236	97	112	184	107	232	149	136	149	7
164	5	199	198	153	65	90	59	68	155	221	205	77	197	80	246	122	147	35	48	182	252	63	53	8	83	46	112	48	237	237	144	35	225	66	82	56	19	144	25	42	233	0	30	17	202	237	7	230	155	36	27	226	76	177	132	4	125	148	46	136	241	180	11	243	120	128	240	35	198	242	223	48	180	250	97	105	89	166	177	40	192	122	113	217	119	22	160	254	185	1	71	170	11	145	196	53	117	94	127	190	159	159	151	217	201	238	86	162	83	146	188	99	94	243	228	240	72	79	35	143	131	220	166	163	227	166	54
45	236	94	213	134	70	132	146	202	105	129	229	231	185	134	131	120	18	18	88	234	118	107	112	242	240	136	56	210	81	117	130	31	148	246	104	150	197	169	218	61	7	65	3	97	145	42	86	139	170	232	127	174	52	183	46	83	174	18	63	252	100	102	216	121	213	125	196	198	219	36	45	106	43	17	53	212	130	61	122	81	248	18	135	26	112	190	218	54	237	64	117	96	194	147	48	152	50	122	31	101	45	244	179	109	169	195	73	231	239	107	112	189	185	49	75	194	156	82	35	130	228	43	156	27	143	2	255
42	248	44	63	204	249	251	230	173	20	228	2	24	255	39	248	208	225	3	231	162	146	93	216	108	33	185	87	208	62	86	160	223	87	210	37	163	32	246	222	92	234	158	151	133	221	81	146	199	123	62	201	152	54	252	62	128	140	90	191	219	216	232	122	28	96	188	167	105	131	123	198	20	148	166	22	204	180	164	26	231	18	213	41	50	177	49	212	73	54	10	161	237	158	18	76	100	136	45	191	180	233	95	231	18	164	140	152	139	44	6	134	134	151	165	59	36	104	107	80	217	62	166	59	205	227	43	237
179	231	57	44	158	185	34	125	46	215	157	100	11	211	243	183	230	42	145	162	114	117	68	166	89	148	195	241	145	104	102	38	163	192	204	172	8	98	227	240	27	84	12	120	148	126	197	32	134	243	105	80	245	83	17	89	48	34	248	176	141	92	66	123	9	76	10	9	209	240	82	199	136	202	102	253	44	97	244	162	238	194	46	143	78	36	244	8	133	8	53	207	117	22	7	95	228	85	188	92	116	93	171	81	42	227	31	209	164	176	6	238	224	212	243	249	66	171	9	133	246	238	55	39	231	6	112	126
91	53	204	181	39	3	205	207	99	161	140	102	255	59	226	58	155	233	154	219	42	182	103	136	33	166	25	48	111	183	179	28	203	65	76	74	85	11	127	194	176	5	157	240	133	223	160	212	246	5	75	5	38	70	227	2	116	30	112	6	211	136	120	54	172	55	165	121	137	95	211	71	55	153	90	127	131	82	45	169	189	70	198	150	233	112	218	211	213	52	60	108	83	185	205	66	225	169	209	125	222	77	252	152	244	48	130	139	124	188	76	84	128	51	37	173	176	212	233	122	51	4	205	172	92	230	136	143
19	5	216	163	105	195	57	76	101	15	13	89	240	202	16	243	135	74	129	200	37	46	70	97	223	187	175	144	178	101	35	152	22	3	161	157	110	238	106	215	240	174	130	250	237	84	35	201	174	242	223	196	24	50	183	220	168	14	101	245	128	97	249	249	132	129	89	228	32	55	169	5	100	201	251	154	163	36	207	148	98	78	6	110	150	124	74	179	162	255	5	135	196	83	30	185	144	182	125	237	162	14	193	173	196	237	103	219	223	199	239	71	159	132	153	58	50	124	100	26	88	239	181	221	69	144	207	220
184	120	117	58	31	197	188	51	102	144	192	217	32	214	55	141	65	86	184	1	206	198	44	125	155	95	81	197	183	67	195	169	206	1	197	181	66	17	3	90	146	165	234	52	57	165	139	58	153	106	89	183	114	85	211	151	243	12	49	221	33	19	216	71	184	136	31	13	215	46	137	56	250	236	158	30	87	198	138	127	8	128	174	88	221	204	41	174	63	148	24	121	36	54	77	214	194	79	163	232	4	104	254	230	214	41	191	208	215	111	153	137	135	36	123	198	203	213	185	202	180	178	12	174	176	190	72	105
96	31	65	106	215	255	90	1	64	110	74	210	154	117	181	162	243	76	206	113	207	211	140	207	222	175	209	11	164	136	48	144	55	243	104	57	250	165	155	20	126	183	108	154	252	118	4	72	91	139	224	51	58	243	0	107	32	199	1	111	111	100	142	42	1	60	61	113	99	135	194	128	192	161	30	97	133	239	219	150	230	248	223	178	89	77	54	81	201	157	71	223	89	172	101	50	26	150	184	53	212	184	180	16	145	151	196	197	23	52	58	249	254	82	132	20	5	208	207	9	108	92	60	177	166	139	21	147
141	183	138	109	9	161	101	144	170	250	15	64	171	146	92	123	23	16	227	133	126	195	134	241	202	86	246	156	224	53	34	22	149	117	15	71	141	178	2	246	92	228	19	241	172	11	242	75	14	128	46	90	13	173	246	159	153	22	215	153	236	109	247	165	134	101	238	251	171	122	252	189	169	207	9	119	69	179	141	231	246	126	11	88	233	77	177	225	3	101	23	146	251	246	173	57	43	12	74	33	120	78	200	178	42	65	244	134	148	36	249	61	174	90	22	246	241	31	76	90	40	187	141	114	3	97	103	1
160	66	243	160	79	241	145	81	72	151	108	121	71	250	138	171	236	197	22	248	232	95	0	85	99	63	2	21	48	11	65	130	157	227	125	254	90	79	211	148	150	173	79	50	224	253	155	237	66	175	70	43	125	240	223	155	249	159	215	68	68	12	102	170	139	55	81	110	18	242	115	163	255	209	19	195	30	245	202	55	107	147	50	105	209	224	146	50	15	187	239	88	101	179	178	146	179	203	220	227	224	154	3	244	133	243	95	79	103	140	110	207	206	85	44	2	142	182	120	153	226	202	205	137	37	139	229	204
190	145	74	208	86	173	6	11	184	205	239	170	78	161	229	188	161	63	87	226	86	101	146	219	78	122	189	99	135	184	57	178	39	60	45	227	103	209	187	69	17	10	227	117	100	227	66	158	186	227	89	206	68	146	128	116	113	86	17	194	187	16	38	5	38	142	215	200	227	165	199	9	146	122	153	227	63	8	127	3	53	187	69	148	86	141	147	191	31	154	200	44	26	113	151	141	71	58	157	48	38	5	115	202	139	148	207	40	111	49	129	147	210	254	176	248	84	143	143	225	157	114	235	164	76	92	186	113
158	199	126	240	132	232	221	17	131	77	134	201	51	51	91	188	102	210	243	70	226	96	255	202	216	228	172	230	232	196	38	10	98	13	23	230	72	200	1	4	126	55	247	236	155	41	203	140	140	213	69	29	122	111	18	67	115	196	218	173	231	11	60	19	112	45	178	76	86	183	245	158	14	57	232	205	22	51	237	187	229	45	0	29	32	82	251	138	255	52	30	46	203	249	112	253	87	109	30	85	51	74	190	161	169	155	62	153	46	2	67	24	21	22	147	214	238	39	77	48	25	182	239	29	113	101	9	162
23	22	254	34	185	236	175	182	24	168	245	234	17	203	180	15	212	84	116	171	101	93	178	248	255	70	67	156	115	121	10	251	243	19	91	5	141	248	241	135	2	153	169	181	119	192	46	12	49	201	104	145	19	16	213	132	247	67	173	147	66	154	5	116	38	109	36	16	255	165	94	234	174	111	33	242	226	155	211	189	243	215	191	188	107	25	78	46	239	84	164	148	132	13	18	7	182	136	197	80	78	134	123	76	227	153	205	251	139	204	111	121	1	76	172	160	172	187	210	5	228	70	164	129	247	33	141	20
126	55	211	127	86	33	38	250	194	64	43	209	11	142	161	145	232	143	23	38	191	49	18	236	243	127	113	243	108	56	235	159	195	85	169	157	38	103	76	133	195	174	90	1	130	117	193	102	45	255	161	182	213	22	188	29	249	133	154	236	147	201	244	157	199	106	64	169	100	52	21	57	42	4	171	220	222	218	174	189	180	170	102	126	204	168	30	254	138	69	133	208	143	31	248	53	8	113	99	101	69	131	113	11	57	239	10	58	159	249	154	248	99	64	96	215	208	125	172	71	12	76	97	103	230	63	128	191
2	224	204	77	200	189	120	67	185	72	76	101	87	101	12	242	133	90	85	91	69	180	199	59	149	178	33	134	179	188	205	188	173	68	71	33	123	230	155	176	36	128	69	255	73	46	247	181	83	216	130	29	9	187	170	117	200	216	101	89	140	51	10	59	75	9	175	141	246	181	4	233	182	91	104	136	77	153	89	125	100	170	131	237	128	139	238	200	54	103	85	40	201	109	212	196	188	69	185	195	42	80	240	206	29	208	93	214	233	123	115	208	184	213	75	85	63	88	54	126	83	63	66	109	191	47	244	144
207	97	235	122	74	135	242	149	194	84	114	244	239	231	222	255	193	180	146	172	158	231	116	245	205	116	4	41	24	117	175	190	42	95	195	44	27	147	237	244	193	242	20	67	207	50	98	209	199	138	150	62	169	64	233	211	199	54	91	18	111	223	34	38	244	5	70	247	128	118	57	208	123	17	151	92	73	57	63	141	77	235	99	61	207	180	248	61	198	2	179	153	129	244	30	125	162	73	63	163	119	88	193	135	175	218	5	32	59	117	77	161	95	43	64	173	249	59	14	109	169	209	89	193	95	199	72	210
223	175	118	61	75	27	169	120	243	126	202	142	116	145	234	73	39	212	185	127	248	232	159	59	212	145	128	15	139	191	43	194	168	235	117	149	240	130	57	155	138	64	123	86	136	157	117	159	253	82	10	38	230	177	16	13	37	13	105	76	202	47	142	98	200	195	47	230	222	178	79	149	34	235	114	148	62	184	120	72	242	12	220	74	250	37	75	149	37	251	194	50	52	103	147	13	200	203	10	185	32	40	254	202	32	164	109	176	198	232	116	207	253	212	68	229	140	204	209	119	60	223	192	235	132	131	134	65
20	79	109	249	232	56	152	223	3	162	115	243	102	64	69	50	178	209	228	134	81	246	208	91	236	74	174	178	27	56	3	11	110	247	238	195	52	186	41	44	37	106	28	38	80	247	56	246	168	205	224	24	131	217	51	27	6	176	78	113	8	29	107	140	29	86	88	10	8	111	21	104	103	13	159	210	21	50	170	153	197	11	216	49	241	245	83	96	178	191	79	236	115	5	101	193	142	125	127	168	150	1	26	50	225	112	16	112	49	82	21	163	83	61	232	101	251	223	170	119	188	82	76	18	65	242	42	106
102	37	186	193	93	49	177	99	253	247	22	187	102	141	17	45	91	207	15	215	111	2	174	173	223	21	212	78	27	159	148	9	235	146	17	48	109	55	5	226	23	203	125	146	97	188	228	241	144	241	218	67	170	68	155	196	100	80	79	158	119	161	221	192	70	22	178	108	197	168	242	239	33	168	249	140	139	190	46	51	98	109	89	5	188	176	56	177	28	28	140	255	245	217	241	198	197	33	110	35	183	43	19	191	205	17	135	106	120	227	37	181	226	141	171	233	166	124	202	98	86	29	193	253	189	107	243	111
237	40	191	24	29	4	94	77	226	208	246	72	29	182	98	156	98	190	208	138	108	17	142	40	42	5	236	18	161	182	171	229	181	4	69	99	213	174	28	6	207	108	74	157	74	198	172	202	76	201	99	96	151	179	217	165	202	17	97	22	46	93	73	233	123	212	61	66	110	238	219	118	212	109	224	155	191	64	140	147	246	161	139	133	61	112	145	166	12	214	108	90	247	31	90	58	42	219	127	237	116	246	251	192	17	37	202	247	178	53	41	193	196	79	80	80	116	0	102	227	78	69	11	237	74	33	216	99
111	102	54	165	50	240	225	37	35	38	223	242	88	97	76	200	52	147	160	21	157	6	5	181	13	187	62	132	163	219	91	6	116	60	203	192	44	229	52	191	86	64	100	169	27	34	96	248	226	67	219	203	231	183	211	179	45	173	146	30	120	182	218	23	91	179	86	15	18	152	31	228	88	65	184	98	223	181	114	133	70	217	127	208	187	230	222	208	1	36	30	171	215	153	186	160	184	66	231	139	226	179	199	136	253	242	174	77	195	167	186	155	145	135	99	226	62	241	232	90	175	141	238	212	221	148	29	93
217	152	134	81	215	136	163	109	244	27	164	39	115	126	228	16	18	183	225	219	52	183	104	37	40	142	161	160	215	230	10	146	198	247	189	98	65	126	146	133	52	68	232	234	10	198	76	98	12	62	230	32	243	192	121	58	55	114	144	135	113	148	160	113	52	6	150	221	97	71	52	105	199	89	56	2	184	231	165	33	127	189	73	72	215	46	65	93	99	226	49	163	160	174	143	29	82	178	177	137	178	196	12	90	217	101	76	154	181	153	228	145	106	177	17	3	243	190	187	154	19	69	60	162	106	65	240	8
138	236	68	58	192	172	217	199	161	194	247	0	1	50	57	124	143	203	29	161	75	43	235	62	38	105	241	193	4	39	5	104	160	253	194	139	117	59	79	181	40	50	15	117	208	107	122	138	170	142	65	175	127	207	117	175	242	59	51	255	131	73	228	72	89	168	209	150	148	45	149	38	83	174	131	6	181	227	233	212	147	176	180	202	164	173	46	85	6	228	185	157	15	148	212	8	241	32	10	63	82	233	85	17	89	254	245	250	186	112	88	178	42	126	69	72	109	16	44	132	72	181	12	98	3	22	145	12
230	33	89	197	189	75	131	76	159	148	231	70	169	10	220	21	104	68	211	138	29	155	14	80	219	135	120	153	191	156	91	62	54	167	49	209	206	53	109	184	176	14	174	158	104	85	95	140	92	141	220	231	134	119	244	18	147	174	107	41	172	26	180	37	3	48	80	127	183	125	154	115	9	148	77	164	12	249	217	35	170	89	83	24	71	202	186	171	82	247	61	186	40	137	83	198	94	10	48	200	126	127	252	172	104	95	169	243	20	228	121	155	114	45	248	29	149	182	222	52	107	68	251	216	145	123	221	31
23	100	223	102	47	15	252	69	188	132	67	46	218	54	93	7	168	162	140	109	228	85	115	53	195	255	83	59	90	198	123	243	66	76	166	213	255	89	161	42	240	219	179	6	249	71	161	211	51	146	116	50	34	183	215	236	166	216	68	41	174	34	8	96	39	82	225	164	227	61	70	200	33	57	52	149	61	200	199	183	92	230	146	40	223	205	241	96	173	81	245	132	206	48	81	118	96	143	188	220	194	152	22	30	182	13	129	134	225	238	18	97	174	206	253	66	27	5	29	30	160	126	113	38	113	42	55	139
19	56	72	106	254	182	3	218	82	226	14	236	49	74	113	6	83	87	7	44	17	44	116	47	34	79	185	243	94	78	87	186	194	15	78	183	144	7	221	165	37	150	76	231	40	166	118	225	111	220	228	129	112	168	231	229	132	128	163	186	143	117	89	219	98	234	242	157	115	107	68	127	41	182	59	136	166	119	3	186	63	248	141	33	132	88	164	166	143	134	251	192	167	44	18	186	215	10	188	21	82	172	66	77	196	45	59	37	231	216	215	181	248	141	94	212	219	169	120	224	175	133	232	167	253	160	110	2
195	155	207	51	109	90	162	93	133	214	54	161	232	183	211	208	124	135	107	245	26	84	76	138	36	121	220	130	80	135	52	58	48	244	74	149	103	182	30	89	189	19	230	73	74	67	61	133	235	82	195	168	192	75	226	60	46	201	122	205	196	170	120	33	78	128	8	241	111	138	125	60	125	79	106	206	2	19	223	92	175	96	197	203	130	248	91	41	242	68	36	69	61	106	72	251	183	123	178	11	12	165	179	151	229	62	6	229	66	74	157	13	148	77	241	8	19	74	19	152	85	127	195	64	223	77	182	89
27	238	250	17	135	162	67	157	115	47	182	239	29	181	13	118	180	186	120	93	226	10	254	49	255	216	56	231	181	94	114	83	6	2	192	71	42	136	146	43	237	140	164	37	61	146	162	216	107	117	159	50	21	60	104	210	83	35	115	201	234	151	214	15	57	193	48	86	17	133	137	213	244	4	242	162	185	93	235	169	149	182	221	205	81	121	230	223	205	71	13	34	73	85	201	98	185	10	45	230	16	93	23	3	53	146	72	202	253	53	158	237	148	210	111	149	96	30	170	27	117	190	42	115	164	221	216	95
2	235	234	192	136	212	119	129	199	66	171	97	247	140	6	175	51	158	9	185	97	255	135	148	40	165	118	40	17	3	228	189	130	149	10	46	175	173	203	15	159	122	145	188	186	83	157	209	69	99	110	36	148	33	227	8	41	188	81	118	122	185	185	93	121	245	95	99	165	102	34	12	98	171	245	234	12	77	208	127	203	176	242	24	15	112	250	8	186	115	111	98	98	109	204	33	132	5	230	70	209	125	169	110	66	61	207	158	223	182	100	240	223	10	195	248	117	43	56	6	15	128	124	3	77	173	251	38
158	154	189	125	209	167	217	83	5	76	131	52	248	42	126	231	128	45	25	194	89	138	239	19	111	219	247	178	77	148	28	136	105	161	166	71	209	0	202	150	106	150	191	82	150	248	91	152	154	75	136	230	110	233	98	110	96	8	39	238	221	184	81	54	247	116	232	252	176	5	223	130	52	214	236	197	110	157	172	64	241	17	205	172	90	122	6	115	187	214	245	154	60	187	238	157	211	115	43	141	94	120	154	92	28	86	218	135	86	119	243	238	148	51	9	3	192	165	237	116	83	38	49	231	29	103	174	242
165	147	254	65	211	238	164	23	195	162	4	2	51	232	137	174	218	194	5	198	41	243	33	190	146	18	6	85	255	25	242	172	192	218	233	159	59	62	123	234	36	51	223	37	212	119	142	246	249	138	31	83	142	97	134	132	163	248	93	38	65	124	93	242	54	234	221	250	240	96	241	203	75	74	37	185	77	72	153	89	118	29	66	15	46	161	240	186	64	12	97	101	131	105	80	226	90	199	217	36	98	223	185	183	222	237	95	140	70	176	25	152	178	160	254	244	132	29	142	246	90	70	15	64	79	190	149	123
236	42	205	164	221	208	166	231	98	50	112	61	248	82	88	47	247	137	140	33	104	209	38	124	72	207	136	242	113	28	148	231	134	175	240	129	210	45	120	14	255	2	154	98	193	60	161	31	165	232	115	8	190	56	182	233	13	2	13	67	117	49	132	158	231	93	188	176	60	206	91	229	89	24	194	37	185	207	231	14	11	87	226	82	71	49	104	121	10	49	170	53	95	0	63	38	208	165	8	135	166	105	25	11	54	177	152	126	43	111	60	189	120	89	142	152	77	199	122	139	241	111	59	197	28	222	66	116
40	123	68	145	89	212	60	0	58	74	185	210	159	194	17	68	54	202	77	43	232	134	65	184	97	252	73	111	148	171	180	108	1	46	69	50	5	24	104	140	39	99	37	103	173	49	242	196	59	125	157	121	171	9	102	55	41	34	88	135	141	34	223	213	133	62	65	172	116	84	31	115	7	78	96	131	33	225	22	148	184	130	74	120	183	20	19	113	135	29	69	238	166	160	232	248	168	124	218	169	66	58	158	128	95	244	216	1	177	97	4	48	225	119	134	8	31	251	135	151	213	164	58	55	86	213	84	246
245	86	135	122	164	249	33	60	151	247	222	174	200	114	197	209	35	195	98	102	62	191	70	32	132	116	199	241	171	199	33	192	98	20	188	10	154	87	105	167	209	221	225	8	53	222	252	188	164	138	81	171	79	200	150	189	196	32	88	166	190	212	150	90	72	235	147	43	97	148	14	165	93	226	251	203	146	207	162	155	65	46	221	26	245	188	254	122	142	186	254	120	214	232	12	213	34	194	236	155	173	18	87	125	115	127	194	10	111	251	150	14	239	185	46	152	135	78	229	50	124	221	129	113	149	83	24	82
150	246	73	77	194	102	72	174	69	131	248	125	44	191	192	142	244	199	12	8	197	100	137	70	84	157	170	15	114	100	195	88	35	160	212	140	210	115	135	234	62	45	219	189	46	25	129	12	80	119	82	210	238	7	66	74	82	108	86	254	91	245	214	60	158	33	214	202	166	39	21	106	31	4	75	255	173	224	169	62	183	29	204	150	70	224	153	105	171	14	98	235	84	132	4	39	10	252	254	31	196	54	214	171	92	242	68	53	205	138	79	205	217	96	146	118	109	151	17	186	68	24	193	95	229	5	237	25
167	167	203	254	4	136	26	28	148	59	139	200	19	30	184	174	74	61	69	103	177	38	238	77	184	2	78	138	237	113	254	184	61	87	13	70	164	116	81	210	213	155	180	175	148	114	157	102	134	141	189	162	53	248	141	208	156	71	197	77	215	229	133	79	188	51	171	207	84	39	233	50	109	109	201	216	44	110	129	224	172	100	124	171	14	176	206	76	222	116	28	182	214	64	162	96	151	165	71	199	185	25	174	209	241	177	46	192	1	34	202	22	126	24	221	225	55	181	167	161	144	170	121	189	27	236	219	33
76	192	241	127	163	26	213	72	89	40	137	80	40	222	167	105	192	181	109	154	5	123	30	4	104	207	119	216	141	134	120	196	194	213	160	7	186	206	138	142	223	141	153	126	131	158	50	152	58	68	209	163	131	17	155	101	99	64	94	161	28	205	106	28	163	128	72	119	65	184	187	154	19	187	37	254	72	48	218	103	202	170	104	101	41	178	5	208	63	23	89	56	113	87	188	216	169	162	31	232	12	230	174	202	188	100	239	253	37	135	188	3	13	109	4	108	62	69	247	38	209	110	72	101	200	63	60	226
166	188	157	20	11	20	176	218	57	200	74	51	222	171	168	1	91	180	219	126	118	90	131	143	13	138	48	243	222	148	98	238	96	84	155	207	207	117	48	255	229	226	102	100	232	40	12	253	206	69	74	213	112	232	146	162	180	182	132	141	124	186	255	92	189	55	120	124	113	71	164	57	99	251	29	107	249	55	136	1	26	158	227	213	55	22	166	132	242	136	31	155	18	211	164	168	22	207	147	127	180	40	80	51	116	181	128	5	213	5	196	175	139	251	32	212	246	22	97	106	103	14	149	9	141	160	175	102
245	126	201	233	98	64	79	115	171	60	89	214	79	124	48	255	38	9	143	253	26	195	88	157	158	48	206	113	86	154	117	111	127	204	164	254	125	211	0	64	138	85	1	218	246	40	228	78	126	211	198	227	164	82	160	175	11	240	133	149	4	200	220	185	193	34	54	116	143	50	117	192	127	249	170	121	172	155	146	146	240	170	126	95	149	152	2	100	20	202	250	232	149	217	178	58	134	231	121	80	209	141	226	185	31	127	77	229	94	167	194	93	219	235	252	175	41	2	188	53	196	191	28	22	145	255	215	126
5	165	160	109	195	94	14	136	40	88	171	12	5	4	163	106	221	93	219	184	46	33	194	163	109	48	106	1	84	195	88	208	218	27	47	43	208	96	186	158	134	130	193	0	216	150	27	85	136	67	199	84	122	223	218	105	137	150	248	244	196	73	214	53	233	94	176	21	110	7	42	14	198	103	203	163	221	38	118	252	40	75	221	248	173	141	231	66	245	205	133	90	169	224	160	27	216	157	103	217	77	181	112	101	15	112	116	158	143	118	112	189	200	201	111	113	228	20	75	185	212	254	194	28	125	111	71	209
6	141	187	161	87	1	182	30	98	57	2	250	218	75	152	32	66	74	31	83	73	151	32	128	30	113	204	25	249	193	216	154	225	4	116	3	77	34	22	53	165	78	211	195	159	252	56	43	171	104	77	67	246	157	247	75	170	105	140	61	150	183	221	129	107	39	210	89	177	91	136	64	79	220	200	84	86	185	60	6	154	243	29	196	19	104	51	234	77	112	68	74	143	71	118	189	12	234	188	8	186	168	205	201	203	241	0	97	216	247	65	171	145	200	144	148	109	197	163	81	121	178	198	167	254	69	92	8
144	221	87	71	42	200	82	104	94	105	141	236	15	0	81	55	175	32	22	174	225	143	49	92	95	66	106	63	114	58	131	41	234	144	167	184	97	109	1	214	141	32	188	50	87	154	205	34	31	182	27	115	196	148	114	175	173	109	42	206	225	133	239	165	152	15	178	108	232	68	155	68	45	201	139	130	147	115	54	184	236	242	246	228	147	57	174	213	93	179	178	90	203	166	43	103	32	204	24	148	32	41	197	202	151	219	56	216	10	155	158	134	108	132	142	39	209	102	111	163	223	217	250	160	118	1	133	223
220	159	64	146	10	56	250	209	15	86	251	87	222	20	176	222	148	16	148	223	202	159	56	60	227	114	226	117	11	41	85	56	86	18	231	148	172	243	215	66	61	65	177	143	137	228	66	168	76	170	78	184	67	247	170	104	14	29	219	214	93	220	209	26	30	153	153	222	131	237	93	65	223	106	162	25	65	166	255	37	187	178	237	27	40	36	111	221	183	161	63	5	225	33	198	122	81	63	44	149	200	169	39	156	97	141	89	85	60	16	219	195	22	26	43	213	146	52	110	69	168	40	165	61	4	170	106	189
107	26	168	197	237	155	15	207	123	9	136	230	105	96	247	221	46	242	208	92	220	255	143	83	29	212	190	77	167	131	10	99	114	31	77	189	117	197	27	255	211	143	21	139	175	63	82	204	3	153	56	88	97	6	124	113	47	193	239	23	178	48	149	5	16	143	103	226	65	198	98	45	245	236	115	41	122	192	37	8	93	113	198	211	2	213	124	241	246	125	10	235	49	189	74	85	61	141	251	65	126	172	167	154	196	88	211	32	245	227	168	176	224	77	60	123	99	29	54	254	188	107	48	99	135	184	82	143
232	1	14	3	45	139	108	111	77	70	104	203	89	233	6	40	114	91	187	53	110	150	42	53	121	218	221	19	254	150	29	209	112	97	173	145	23	147	170	220	132	175	179	86	146	207	83	202	83	200	52	3	110	204	46	93	166	203	202	223	53	156	128	126	74	119	211	199	115	226	203	129	108	36	162	247	3	206	161	191	157	168	157	34	80	80	62	108	20	236	148	189	129	223	58	212	43	82	86	14	223	143	213	70	101	96	176	20	38	156	164	157	210	157	143	247	154	96	39	35	196	24	52	229	226	227	103	88
105	4	119	59	189	98	0	32	127	215	131	219	60	160	117	194	213	80	195	228	42	174	145	167	153	61	42	118	161	155	64	121	250	71	184	213	30	224	156	83	221	169	56	232	206	105	138	27	19	174	135	82	100	223	116	217	198	231	231	16	121	39	136	35	64	121	251	155	200	89	72	8	203	169	88	36	199	242	77	86	161	131	173	42	177	254	111	115	126	77	98	124	212	234	191	76	96	164	57	219	37	120	101	35	128	152	88	23	28	223	131	154	83	210	98	117	122	44	15	78	172	56	52	114	13	148	202	51
137	16	124	65	171	155	67	98	50	189	100	235	66	230	11	220	188	173	14	184	152	178	129	27	211	142	150	139	0	6	17	198	75	184	135	115	237	181	125	234	174	97	145	218	12	44	47	42	154	55	138	249	99	82	47	64	163	30	101	90	148	144	252	228	230	122	139	252	14	201	0	31	9	43	100	223	103	4	4	132	228	73	121	245	118	5	42	198	91	171	226	53	110	142	195	101	226	228	128	96	85	239	124	86	243	231	83	39	5	118	196	81	233	165	167	187	12	55	139	161	8	46	64	192	72	101	188	62
200	64	125	233	126	217	119	142	41	224	73	178	185	215	211	21	114	183	191	52	201	203	62	214	213	159	182	231	246	67	167	4	5	10	220	71	247	175	88	0	163	36	83	134	77	47	48	234	97	152	118	185	23	76	220	16	115	43	176	177	63	70	125	75	162	117	47	38	125	90	55	141	137	211	52	217	84	195	20	165	100	134	30	47	154	155	28	245	132	158	141	67	58	162	220	239	168	91	56	195	233	93	19	16	56	125	90	49	163	161	52	15	43	52	66	81	33	148	7	75	165	114	135	252	160	3	99	23
61	128	98	148	88	174	218	47	195	119	45	81	152	76	147	229	223	23	127	16	24	144	221	97	240	174	2	108	7	99	169	232	213	132	232	185	254	64	161	105	215	251	25	172	54	87	86	125	216	100	224	19	32	117	91	166	67	77	24	126	247	137	148	85	128	48	125	122	232	139	105	240	44	19	0	80	187	4	14	29	131	36	219	174	235	98	215	161	93	187	81	151	243	3	75	175	103	60	51	56	48	228	138	23	55	91	249	149	12	207	24	110	11	155	168	71	208	199	142	142	169	27	236	81	133	139	145	180
59	254	109	156	134	4	208	68	250	37	224	252	235	155	95	246	113	236	126	219	19	254	119	198	183	204	179	150	138	144	110	46	163	2	191	57	215	51	39	64	200	232	122	208	60	19	139	34	2	135	136	106	17	65	251	63	179	223	143	41	163	208	240	166	187	28	112	147	84	130	126	116	233	251	223	121	79	112	38	85	17	190	185	104	233	81	102	168	124	192	235	155	90	172	133	124	150	30	76	108	236	232	172	21	40	147	99	185	48	175	75	104	183	210	66	148	56	101	249	162	131	215	196	129	139	106	232	130
164	252	111	127	203	152	36	254	86	7	171	116	243	209	113	102	176	35	227	26	94	53	19	58	123	151	148	85	57	156	77	7	187	99	10	96	19	177	38	139	21	157	188	28	94	91	194	187	194	124	29	142	49	90	233	157	247	2	162	171	86	21	99	124	101	247	18	243	223	123	241	96	123	248	54	4	19	185	74	211	123	15	12	199	140	99	125	231	73	230	248	187	52	108	25	210	154	172	21	247	166	17	92	55	41	171	238	250	17	218	170	194	165	60	0	9	126	5	162	223	34	29	182	13	210	247	55	140
158	241	121	128	224	112	231	89	206	63	229	104	91	208	115	179	25	50	240	74	45	41	71	53	207	65	30	109	7	41	237	101	20	164	82	193	114	105	104	101	183	53	155	183	158	207	181	103	183	228	201	101	173	213	180	77	211	147	87	138	217	129	33	227	215	30	17	69	234	251	61	253	136	105	187	255	215	140	168	180	241	65	61	229	17	129	170	83	110	73	53	69	83	182	109	137	135	215	17	249	17	188	119	207	49	201	48	167	110	253	114	8	106	163	45	231	80	35	242	8	105	68	67	107	71	189	199	197
204	54	241	18	167	226	104	144	74	232	227	240	217	116	68	73	121	8	123	42	178	160	220	246	168	238	106	125	127	104	115	119	129	85	77	227	192	131	235	207	83	165	53	241	15	233	21	113	18	234	135	98	43	210	119	113	237	141	147	236	35	35	183	68	4	249	143	230	54	153	223	87	248	7	212	56	140	204	24	142	125	189	194	136	115	54	3	223	180	33	158	121	57	251	200	166	159	213	194	193	94	7	147	139	208	95	49	231	75	126	83	135	37	102	11	149	197	131	150	186	156	222	194	49	152	221	254	252
117	84	234	193	123	107	28	80	38	116	58	204	64	6	79	212	203	254	215	171	181	107	117	201	175	51	7	219	94	85	212	89	241	56	90	145	228	44	66	10	54	77	152	106	102	181	44	8	139	135	225	59	8	124	135	245	216	218	22	11	32	214	63	221	124	150	59	21	19	233	218	127	146	149	228	100	47	140	113	130	152	154	34	252	97	79	81	127	220	99	202	146	98	27	118	142	198	54	178	25	152	109	9	75	236	208	112	91	165	136	75	228	75	156	207	101	115	187	139	216	232	173	20	63	76	254	202	177
131	52	220	51	82	121	219	21	211	118	189	106	107	56	137	22	245	97	178	85	188	167	213	104	2	169	69	162	90	167	21	218	2	255	76	28	197	143	24	242	35	30	67	79	131	227	142	112	160	213	200	114	65	168	251	14	58	205	15	42	30	38	253	125	190	115	41	92	11	74	190	216	249	164	150	55	5	163	184	36	32	42	143	115	213	72	249	90	20	103	216	86	19	46	177	102	226	92	130	154	152	5	25	23	33	133	56	175	114	75	73	176	158	66	30	254	183	187	26	35	86	72	161	49	78	150	154	120
17	111	139	69	125	34	78	228	69	118	57	166	171	7	224	242	147	247	79	64	125	73	85	184	149	152	4	81	147	98	114	187	0	148	209	223	109	68	189	75	137	20	91	24	155	203	60	185	36	39	238	125	193	126	86	171	132	63	48	235	245	79	68	75	41	78	61	67	154	167	55	242	90	18	16	11	252	181	189	73	112	209	89	97	180	123	184	121	216	118	135	15	38	194	59	110	147	243	223	152	91	178	12	54	209	156	255	238	186	246	165	185	54	247	87	117	219	94	161	73	90	106	246	144	225	195	255	247
215	47	248	214	103	203	216	105	204	168	167	115	183	146	82	17	123	213	79	193	81	156	124	197	33	33	192	51	8	238	150	20	195	28	90	251	1	61	82	162	175	91	88	128	4	187	71	8	1	192	246	30	184	62	162	196	250	104	115	6	210	82	7	82	12	148	103	30	6	27	47	58	116	79	53	69	215	181	182	32	70	109	185	80	98	249	178	6	135	247	51	100	38	4	246	189	29	137	83	218	109	41	114	143	170	177	42	159	41	36	115	98	205	2	71	3	107	2	6	26	33	114	187	243	197	52	72	114
61	203	111	136	28	111	175	14	217	162	7	101	70	73	182	38	88	16	3	213	119	143	135	7	160	76	120	224	6	207	62	32	20	70	195	42	247	65	113	141	123	205	240	182	109	153	231	167	210	59	106	168	69	51	56	127	221	221	149	224	152	64	221	190	222	61	159	124	145	105	106	145	197	33	213	38	65	215	57	208	238	59	232	109	246	169	157	211	28	76	109	161	56	199	80	234	134	213	19	214	110	113	190	105	129	68	43	74	28	98	217	61	3	43	92	11	116	78	20	242	94	133	122	110	139	103	168	8
48	88	153	163	137	59	142	85	118	102	77	31	119	174	222	158	18	118	246	136	234	85	84	156	139	202	186	58	178	63	199	14	69	169	63	85	46	51	250	143	83	226	95	178	179	255	153	74	162	158	202	1	182	213	9	174	148	4	235	170	244	67	204	15	91	13	142	236	91	167	12	193	195	8	194	161	228	57	159	247	142	197	107	111	247	158	230	165	134	78	229	1	108	114	151	164	163	127	41	203	118	190	100	71	16	225	125	173	233	177	6	203	114	149	106	88	1	114	175	69	249	74	21	156	197	237	144	125
209	141	82	87	197	199	133	162	28	159	247	195	90	85	238	233	158	11	195	220	189	65	15	187	133	184	253	91	151	102	143	158	88	157	104	33	162	137	180	14	222	194	69	188	236	134	66	1	207	139	221	9	35	241	37	116	89	174	16	159	136	56	247	110	158	242	80	2	198	201	85	236	251	36	195	168	69	232	120	90	12	158	83	93	246	20	79	120	18	24	177	128	244	84	216	216	8	60	233	125	146	7	196	44	209	31	124	221	188	89	29	200	188	84	124	164	102	173	11	174	222	243	195	247	55	74	21	44
103	126	71	34	189	215	231	16	66	154	206	147	5	169	109	9	32	200	231	155	13	28	127	71	79	188	113	127	211	243	239	77	8	17	83	3	70	48	195	184	113	106	68	196	102	59	140	13	172	93	75	55	159	13	108	82	141	88	201	135	193	81	19	75	94	188	204	237	142	30	201	213	6	174	190	60	172	219	100	214	136	215	182	115	214	165	180	139	196	123	15	223	45	182	99	189	120	234	193	151	173	19	120	221	215	136	138	82	97	87	32	220	70	78	48	17	221	174	140	55	34	198	122	111	64	214	211	149
99	162	178	118	93	164	108	77	251	97	128	90	32	70	119	55	175	242	78	17	105	85	44	46	205	60	5	122	185	236	86	62	233	128	210	10	54	143	106	48	64	154	74	34	20	74	27	59	37	25	83	51	81	237	7	197	88	103	247	7	249	66	233	121	22	147	150	243	130	25	227	155	250	105	231	153	101	201	23	158	185	15	255	194	233	128	72	212	133	12	209	74	254	215	59	137	232	187	63	167	80	13	176	57	184	150	159	97	232	1	253	154	196	43	131	197	90	18	254	4	200	175	2	237	213	27	233	76
255	116	30	214	173	238	50	60	61	90	166	150	27	198	16	14	198	48	206	86	113	172	45	103	230	151	9	50	119	78	154	120	8	13	168	79	73	63	250	200	168	109	35	168	69	184	14	84	1	27	87	229	95	234	235	112	73	17	12	107	1	204	131	196	107	128	157	137	83	235	209	117	254	22	224	169	80	42	31	75	96	202	125	21	104	159	102	247	70	198	121	15	96	96	191	221	15	178	53	65	136	71	127	129	215	32	193	246	58	63	174	163	187	73	132	227	180	85	41	67	87	82	181	72	199	143	196	139
72	6	138	188	107	78	107	92	127	87	222	168	28	175	179	24	190	59	159	108	156	242	52	87	53	178	129	229	195	114	182	76	247	235	148	60	248	81	177	232	179	95	88	61	92	100	51	68	135	151	236	200	247	185	196	165	235	53	126	0	85	73	166	49	159	224	194	238	185	26	79	185	185	57	95	194	33	242	53	89	236	60	164	44	78	134	136	10	255	88	158	205	83	95	31	86	24	131	168	6	243	117	228	8	30	205	31	253	92	130	33	18	5	165	135	219	12	13	215	183	83	89	200	165	122	177	16	199
88	179	240	33	50	64	7	205	124	225	137	6	204	210	53	154	204	103	19	58	59	26	115	105	189	87	161	181	115	241	85	155	95	20	170	92	76	82	191	182	62	90	114	13	64	21	153	165	156	46	45	28	197	124	210	4	84	101	181	75	3	24	144	206	243	143	95	4	103	216	105	73	127	145	71	168	136	185	156	103	29	254	24	56	247	123	227	223	109	232	39	71	78	132	137	224	51	25	22	91	197	37	85	43	212	187	52	69	29	103	117	5	187	171	193	85	72	166	51	153	156	36	215	156	146	105	112	242
180	39	96	201	87	206	131	53	163	230	157	222	235	106	57	83	226	0	149	229	238	123	209	187	234	198	83	210	82	247	49	193	209	151	42	36	215	128	37	31	82	21	91	20	44	56	54	75	145	190	136	81	75	82	134	246	255	66	152	180	89	172	132	51	33	40	66	217	71	135	164	208	15	152	222	238	223	224	66	197	133	205	64	126	37	158	240	56	130	148	87	215	77	131	28	166	76	73	190	129	157	119	138	159	9	158	224	66	89	44	243	133	176	13	66	57	173	98	43	33	120	222	140	242	40	115	74	192
212	250	18	100	68	178	60	168	234	52	50	155	93	54	25	249	94	249	186	22	179	230	215	234	116	102	107	111	16	42	18	255	82	84	38	17	180	255	114	161	140	165	74	113	27	202	87	165	223	59	255	184	19	173	247	195	235	233	95	242	193	122	128	8	197	149	89	170	144	182	169	252	211	217	191	31	121	9	14	49	93	3	50	88	239	32	245	27	42	173	1	61	193	116	81	160	243	143	95	237	62	55	77	16	53	82	56	166	100	20	87	177	121	116	123	70	115	32	254	85	13	175	9	24	195	153	101	146
85	191	249	109	35	167	81	80	66	36	200	17	63	23	40	70	61	202	192	129	127	100	88	199	160	74	72	167	206	250	132	213	149	176	197	175	142	147	175	113	151	115	233	161	149	147	95	244	148	45	154	195	13	42	160	81	2	168	122	104	0	242	232	53	47	216	189	78	64	147	199	81	181	227	126	63	47	44	191	254	172	7	12	42	180	223	136	91	91	44	115	253	33	82	213	199	159	185	115	43	96	255	50	1	1	18	42	198	109	92	35	118	86	7	123	170	177	218	75	0	104	244	134	155	156	70	125	118
208	206	33	39	170	192	177	166	45	63	163	10	221	214	70	32	225	161	49	84	118	32	23	200	176	180	50	222	114	77	123	51	192	241	121	154	15	23	97	244	122	38	29	79	142	210	21	29	71	127	245	242	171	146	179	120	165	180	229	132	225	215	243	100	196	167	193	67	19	220	157	173	59	58	29	245	80	31	199	225	178	79	38	62	238	255	22	43	7	111	216	165	101	220	37	67	74	100	2	78	62	155	165	22	143	101	80	46	206	180	152	31	52	220	42	122	181	199	170	192	36	2	26	62	161	152	174	58
76	90	37	77	177	166	37	105	234	94	171	168	98	30	223	16	112	249	41	10	209	15	241	242	80	63	91	61	134	185	215	106	139	158	229	28	148	233	71	80	231	243	9	238	144	42	76	231	123	160	98	245	109	250	92	115	2	181	82	195	155	248	64	173	21	166	249	16	158	97	202	24	65	160	172	192	69	97	78	116	228	18	158	7	178	94	193	114	174	48	80	10	88	161	14	185	39	39	93	31	191	0	170	108	100	91	59	10	5	230	163	248	148	203	78	13	179	108	140	164	84	191	11	102	217	220	217	19
58	205	196	140	239	211	214	51	154	103	15	122	205	38	171	57	61	31	13	225	66	48	181	11	51	124	49	212	144	26	27	213	223	154	184	99	247	195	75	149	98	121	26	38	108	247	207	150	251	236	179	249	231	111	118	213	111	222	91	222	209	108	86	67	124	103	123	92	109	153	206	128	185	226	195	122	5	205	82	253	43	51	134	82	205	234	209	192	113	153	252	168	89	118	59	27	101	151	24	231	176	196	48	219	10	124	11	151	182	140	218	107	69	122	8	181	125	156	45	156	60	58	233	202	108	133	112	205
92	48	64	217	85	18	91	132	60	166	9	141	126	95	88	115	117	153	49	197	150	185	134	115	250	218	159	108	70	204	198	132	81	34	245	15	117	147	103	26	73	144	216	214	117	53	238	56	17	252	218	242	232	53	9	238	88	117	101	8	8	240	214	21	175	15	30	21	67	239	126	44	218	202	170	75	58	102	91	21	76	245	148	79	46	35	154	89	175	212	237	230	47	132	225	118	27	195	179	99	7	255	175	6	146	174	31	32	87	55	241	251	57	224	218	85	112	40	242	207	6	149	44	59	224	231	222	7
192	77	240	105	74	220	219	233	178	41	225	93	44	30	93	149	145	122	2	140	206	6	14	61	204	42	123	156	116	201	157	176	74	101	43	3	123	44	103	18	116	238	235	185	9	127	113	138	207	174	87	67	153	225	217	33	229	178	151	233	227	112	55	155	150	77	68	190	232	136	140	144	137	188	20	190	165	92	132	96	232	177	247	124	92	38	55	92	255	236	178	147	145	255	239	15	65	151	198	11	137	122	127	101	188	188	113	69	235	75	207	48	94	166	81	144	63	38	190	24	170	82	213	250	84	117	53	78
192	229	253	119	223	201	235	144	131	120	107	148	43	165	218	188	18	171	63	103	49	58	13	244	174	20	145	63	103	59	157	81	109	16	128	217	10	143	127	127	232	90	117	41	59	74	117	195	41	123	47	249	142	58	189	15	242	80	63	217	79	11	114	157	63	59	54	37	4	16	112	229	141	38	175	176	195	233	195	189	6	124	103	107	60	198	63	228	217	161	38	155	252	243	26	13	117	1	249	185	139	237	111	96	166	198	7	229	167	46	201	184	20	243	90	1	165	131	176	238	242	11	147	192	148	113	26	24
220	43	76	47	156	56	101	205	197	100	81	64	113	133	10	110	14	222	203	119	160	164	237	31	233	205	32	7	199	69	168	210	182	133	51	80	45	225	103	152	55	124	229	217	112	94	108	48	18	171	152	114	41	66	101	91	228	218	170	131	72	20	209	134	97	80	207	157	228	170	139	146	5	132	83	207	160	57	125	51	103	90	80	100	250	21	6	108	168	156	148	173	211	88	42	19	248	106	158	169	42	20	158	235	115	77	240	170	181	254	79	4	120	84	244	109	1	55	16	133	224	187	183	51	91	138	111	90
