61	69	227	207	2	141	184	235	200	141	111	100	55	83	65	255	38	85	18	226	112	252	188	152	216	66	1	66	60	198	86	211	231	62	114	187	7	131	38	9	168	50	108	177	121	238	56	65	99	49	37	24	13	100	35	53	218	39	138	191	153	107	93	233	146	233	162	124	173	27	146	127	18	145	20	83	74	177	172	158	14	19	22	113	242	252	50	126	128	201	43	112	30	251	197	79	225	2	55	32	10	138	181	30	14	26	216	241	59	178	201	43	44	128	139	118	83	135	8	25	52	241	99	27	30	199	73	72
211	83	241	133	70	116	83	205	142	3	158	138	240	23	198	80	112	46	145	251	87	225	76	153	174	163	28	243	112	169	19	87	254	164	226	110	137	211	210	92	32	83	197	252	61	129	76	143	37	15	196	232	204	176	186	120	72	77	52	150	51	126	57	65	208	135	247	191	83	79	19	141	66	59	255	119	72	2	226	129	245	196	93	163	48	126	198	164	84	94	223	67	232	142	108	133	201	17	58	193	17	96	45	245	106	167	10	77	62	251	13	165	208	250	147	182	143	187	237	137	119	250	8	202	162	123	30	165
228	92	222	154	244	35	0	0	82	206	38	22	190	198	168	24	59	80	61	175	249	45	7	167	69	131	0	43	210	246	1	194	153	248	191	153	61	69	57	98	205	5	172	108	48	49	178	173	148	162	150	148	167	101	216	55	195	129	158	126	109	108	49	235	221	249	112	103	210	177	216	182	36	79	52	10	82	45	36	248	15	180	226	139	42	176	133	109	103	73	241	242	74	251	140	248	250	105	7	238	64	53	75	219	126	172	17	244	254	76	181	90	119	219	106	255	204	55	198	112	229	107	109	47	155	1	67	186
94	161	77	20	174	7	90	49	91	129	173	179	22	232	148	229	104	254	189	9	153	211	139	207	26	86	66	218	189	148	227	6	182	6	174	179	86	1	253	82	80	125	215	50	141	8	158	213	139	107	43	227	200	96	146	139	244	168	44	185	242	32	160	122	76	131	16	72	79	203	56	186	200	58	115	238	97	28	190	19	57	228	188	137	103	58	164	137	60	119	229	104	196	251	195	242	41	120	98	242	115	238	65	229	92	43	105	252	112	203	169	87	204	182	6	112	242	199	13	59	168	24	7	230	213	46	114	82
91	180	185	190	2	183	110	37	234	151	175	147	219	236	229	184	146	21	253	80	196	105	103	72	80	20	112	149	48	102	232	218	137	43	246	30	188	111	194	202	11	222	75	94	121	251	91	196	212	240	149	197	220	141	6	28	159	31	208	120	2	206	204	138	30	175	160	44	86	139	206	189	191	165	240	214	216	142	75	206	210	222	197	76	94	149	83	49	213	230	163	118	176	215	231	150	3	153	108	16	135	51	100	75	222	178	34	142	37	77	193	103	170	129	129	116	58	156	192	76	27	91	42	253	53	174	170	17
203	251	179	221	122	247	225	188	78	95	224	55	200	73	205	59	121	16	43	79	229	110	137	137	60	39	16	97	243	101	216	199	172	39	111	211	232	76	6	83	205	149	216	79	129	37	126	175	148	208	122	145	236	118	191	254	243	83	84	131	56	4	232	114	214	9	177	152	60	5	182	204	52	182	235	26	84	71	180	54	198	41	105	128	111	64	142	25	47	112	122	114	83	219	45	97	28	86	99	168	248	167	226	110	99	212	12	171	192	200	25	24	182	176	107	32	65	170	255	26	193	229	230	167	99	49	205	26
249	140	14	60	46	164	106	34	116	114	75	78	251	212	154	43	18	213	61	55	134	98	33	43	71	164	2	65	28	208	212	161	208	40	50	222	235	169	45	116	156	43	76	79	0	241	53	244	13	3	2	192	33	137	251	31	148	96	226	232	175	186	197	54	35	175	237	72	51	185	223	40	36	137	99	118	127	97	72	58	121	164	205	245	20	125	176	52	167	138	1	247	121	76	40	217	165	187	186	196	218	124	174	67	105	184	148	242	205	17	158	56	206	154	122	176	235	247	252	151	49	231	82	89	24	7	116	15
171	177	109	115	17	180	218	218	52	84	177	189	223	212	116	247	123	148	237	124	79	141	184	217	10	220	162	118	2	26	105	124	77	236	136	221	63	36	41	17	77	169	114	198	27	248	153	124	245	61	32	144	87	115	191	95	255	253	91	84	133	82	31	160	3	232	21	176	136	78	139	186	117	200	23	231	16	112	63	107	179	104	211	169	44	226	15	71	239	139	170	178	78	44	26	112	39	141	179	8	235	24	227	128	202	202	22	184	178	34	140	169	158	205	82	118	17	92	97	35	37	243	172	54	56	31	122	240
4	220	64	148	50	8	107	32	109	250	250	113	250	194	1	177	125	171	82	63	243	112	228	38	67	18	216	26	100	38	93	215	247	238	39	158	15	31	190	188	111	115	171	171	35	221	80	2	234	229	37	239	106	115	79	52	249	74	222	201	247	66	251	41	209	6	176	162	234	189	246	157	201	227	248	41	149	216	243	60	239	40	18	242	99	72	52	210	135	74	152	140	223	88	146	178	44	135	110	57	172	247	164	102	175	51	213	139	122	52	80	247	182	100	100	103	195	74	145	148	206	153	117	137	113	122	99	25
136	209	115	249	196	217	161	160	62	65	69	193	91	233	18	12	231	3	135	82	72	184	137	183	95	79	43	80	159	211	42	111	25	251	4	237	71	70	215	226	31	91	118	241	55	45	151	94	22	56	12	39	229	189	18	14	26	165	224	26	1	133	190	182	103	239	197	189	40	65	122	121	133	227	221	242	102	178	41	99	94	157	18	182	251	30	120	11	144	3	160	145	26	126	118	80	43	71	167	195	8	233	233	205	183	122	247	47	99	201	37	28	27	235	238	31	201	115	55	178	183	150	163	196	53	154	7	203
58	47	114	32	248	18	211	248	14	103	112	125	197	55	53	115	111	241	44	249	135	20	156	190	31	251	78	183	109	207	241	83	144	110	208	141	45	221	101	203	252	0	13	175	108	113	172	194	222	56	192	2	75	176	69	53	135	210	236	175	78	39	152	244	56	203	230	227	141	89	57	33	207	2	55	131	20	104	154	61	27	145	196	183	112	13	53	115	50	4	204	243	250	111	156	53	14	181	55	162	254	225	227	92	10	185	205	48	3	246	204	136	82	207	164	212	253	3	81	147	35	130	33	140	32	76	190	236
218	42	8	201	20	89	168	32	169	230	172	28	22	87	159	44	109	28	1	49	214	127	209	33	145	238	173	227	167	183	4	34	51	164	163	74	156	44	65	186	157	92	243	205	136	18	198	241	126	152	150	111	13	52	27	164	59	96	90	45	150	3	7	18	232	99	178	33	83	192	87	206	246	41	31	115	175	245	155	241	184	43	117	226	163	43	203	45	28	133	54	174	103	125	70	1	223	133	104	156	249	2	231	98	215	20	132	120	137	107	107	171	199	5	169	85	157	102	70	67	93	90	8	244	79	18	45	135
16	237	11	154	53	254	161	153	228	170	93	7	170	222	39	243	195	87	237	200	122	120	230	148	126	56	18	193	177	223	108	202	213	137	65	23	124	100	65	103	35	217	107	185	17	169	224	128	139	228	249	151	132	152	179	74	149	150	29	204	54	181	54	53	6	30	128	218	48	201	101	92	31	243	207	76	5	43	215	60	1	70	93	17	142	108	255	135	166	167	176	193	84	175	41	18	80	67	91	164	242	26	124	174	222	156	145	7	231	158	158	154	253	18	90	53	180	83	122	216	217	185	205	47	52	144	215	21
120	93	31	120	248	60	221	208	12	223	116	251	7	162	220	144	93	26	160	24	35	252	47	18	22	11	187	36	127	229	143	83	21	238	234	239	67	178	110	40	107	79	58	29	110	212	131	244	163	226	22	106	217	139	67	104	215	185	86	175	44	194	196	225	7	33	179	196	144	206	143	192	148	97	94	162	44	247	226	177	204	70	183	138	24	59	37	160	50	177	29	104	226	218	105	15	116	182	159	32	253	228	120	255	220	149	96	238	153	137	205	139	104	114	76	84	216	221	17	78	55	254	114	185	146	223	16	143
181	79	120	210	200	73	93	191	199	148	169	85	43	60	32	147	139	132	237	97	244	241	100	15	192	228	196	134	67	132	61	90	138	46	151	114	61	222	234	253	218	135	215	2	181	92	37	210	112	243	246	171	21	157	12	146	179	62	105	65	36	162	2	57	43	179	91	129	80	1	59	61	90	200	90	102	122	94	18	76	185	232	163	235	253	248	178	164	64	3	237	160	36	71	170	171	150	13	206	7	138	238	124	183	218	222	29	223	179	151	225	137	60	66	149	12	250	70	83	85	162	105	131	21	188	56	244	72
105	127	40	225	108	18	105	57	124	41	193	182	225	89	143	143	241	187	97	218	207	35	189	214	216	97	27	26	249	50	159	84	154	71	147	133	16	228	115	39	23	43	149	211	81	130	167	235	86	59	81	146	92	188	206	128	229	108	196	30	222	19	125	175	187	121	108	101	50	245	130	174	249	112	118	213	214	108	91	0	171	138	227	219	75	203	55	121	197	221	147	137	231	80	48	206	14	218	57	59	166	233	223	164	234	242	211	221	57	82	223	123	183	64	100	6	126	235	88	68	228	18	1	149	207	16	12	215
53	229	138	91	132	5	157	21	133	184	47	127	75	112	24	166	7	60	198	204	173	45	254	222	99	59	208	109	77	134	33	157	53	144	58	24	180	80	229	129	4	158	84	22	216	159	35	71	58	1	189	147	28	96	204	222	177	201	81	35	159	50	123	69	65	97	133	104	36	177	65	76	109	68	162	35	19	126	219	141	39	245	181	38	248	137	50	45	67	192	177	108	9	3	70	102	76	216	184	238	160	88	253	30	206	103	48	249	178	57	137	4	171	156	205	191	58	20	172	168	248	102	59	135	255	46	12	61
10	57	52	26	193	170	101	100	164	71	210	254	57	112	190	102	251	105	230	109	40	65	57	151	112	0	127	160	33	116	117	65	176	77	160	155	125	116	52	126	60	74	186	72	239	117	7	96	117	211	26	18	173	69	169	118	14	58	79	232	136	199	54	157	238	201	79	253	8	182	100	156	166	209	122	248	126	74	144	240	229	206	32	161	5	19	40	95	24	136	252	237	187	145	9	67	132	157	205	224	29	56	16	100	161	51	131	17	133	172	240	82	50	107	61	19	248	100	181	48	87	189	101	76	15	200	179	36
20	59	176	92	32	222	138	89	203	23	197	207	129	220	192	60	150	69	97	173	133	166	80	222	125	147	21	236	142	32	60	161	24	171	79	166	33	231	175	108	147	245	149	48	90	14	53	117	156	200	221	191	231	43	188	129	220	193	240	193	147	168	42	104	90	1	210	160	10	181	153	254	223	22	117	184	165	131	211	183	58	212	24	12	8	157	100	172	87	27	149	81	144	172	58	24	253	239	32	44	90	149	86	98	169	117	107	105	51	5	252	248	214	22	74	74	192	35	203	114	191	7	0	74	56	34	255	58
224	220	143	172	223	219	112	54	208	170	63	68	117	96	214	216	142	34	102	134	56	151	15	116	114	215	229	1	30	37	236	78	6	28	132	33	44	140	80	28	214	192	153	105	181	12	33	146	18	177	106	2	58	224	221	205	51	167	55	165	232	182	104	23	143	66	149	156	162	112	89	134	160	113	127	226	251	251	252	115	10	175	23	198	247	143	32	109	15	11	137	138	107	76	239	83	85	224	98	112	224	56	255	173	82	202	202	111	147	5	201	219	32	46	173	246	28	189	124	14	126	46	252	171	76	247	191	40
156	3	224	48	166	103	218	245	225	29	22	31	212	159	228	251	136	153	52	247	71	163	183	254	49	49	143	254	44	56	49	51	1	211	173	172	59	244	5	89	239	9	6	79	183	89	253	93	88	181	106	99	16	130	61	229	35	15	215	165	94	242	38	241	198	22	63	44	134	251	163	212	57	243	164	215	83	221	149	57	30	176	231	64	179	110	35	189	50	127	60	218	169	121	234	28	136	99	2	84	66	136	99	19	111	235	18	189	20	60	247	79	109	92	177	25	93	38	99	213	46	28	78	253	152	18	168	69
216	133	164	120	129	92	100	87	189	48	81	23	54	141	40	5	77	224	101	116	156	61	226	119	48	118	151	58	165	211	244	91	91	51	214	101	242	42	193	18	251	51	154	139	136	162	50	26	132	243	130	61	114	125	72	110	79	148	232	13	131	211	40	176	9	224	86	37	42	254	234	111	223	207	82	61	37	244	243	246	175	209	23	108	241	20	81	165	114	121	62	118	255	254	109	199	64	110	206	168	167	9	154	142	42	182	37	65	29	20	42	147	146	162	179	49	181	30	189	161	68	97	49	187	69	208	21	115
250	23	26	147	12	227	113	195	241	143	173	129	0	203	243	115	218	189	154	199	185	9	113	84	227	225	59	207	34	46	197	131	107	242	100	154	163	70	186	195	1	32	183	188	115	211	69	35	123	88	82	155	142	34	248	2	115	232	14	174	106	72	72	169	90	163	134	16	35	75	111	87	141	247	250	146	223	7	93	235	49	186	189	187	79	55	218	175	43	159	43	154	58	104	61	153	219	238	252	67	106	219	88	52	100	98	142	164	251	207	47	2	179	206	255	179	125	253	180	37	34	5	65	141	248	250	90	122
37	221	75	222	125	248	84	182	79	74	224	4	230	65	150	88	12	79	129	233	120	61	247	227	34	5	125	69	218	54	217	61	241	24	196	106	55	89	149	156	84	56	84	169	202	188	37	38	231	129	168	221	179	16	95	152	165	7	159	38	253	87	188	236	132	212	132	238	189	197	234	67	239	67	160	0	20	209	179	159	229	29	67	217	14	4	26	48	42	139	215	71	54	138	201	126	190	27	12	62	193	187	38	212	59	217	138	235	47	85	222	254	229	33	225	207	161	191	201	221	153	124	131	203	145	204	53	193
6	64	244	223	43	136	240	244	73	41	162	53	77	111	85	110	20	26	115	159	52	170	104	141	99	121	2	42	195	221	34	200	78	231	68	167	92	25	45	79	33	157	199	198	213	223	202	41	49	166	23	170	218	59	40	78	8	254	147	81	191	92	58	187	60	80	26	208	147	158	194	247	3	80	87	178	66	8	140	211	243	105	115	102	215	94	100	17	233	223	97	239	108	197	11	44	244	137	114	138	65	100	222	192	119	193	117	98	188	8	82	247	170	178	106	66	81	89	225	147	80	85	128	246	230	66	120	176
115	217	90	111	47	245	156	122	238	5	232	218	45	26	232	58	223	5	205	237	8	232	246	23	164	72	28	145	49	207	64	179	107	58	246	190	28	27	0	220	195	120	216	136	54	166	105	227	31	230	34	44	36	88	112	159	111	220	209	40	83	197	157	208	2	210	246	153	106	62	26	77	254	250	219	19	191	8	162	165	218	169	238	120	114	122	69	74	143	7	132	234	131	150	48	162	94	110	194	161	208	212	211	143	32	80	10	2	117	59	211	127	168	8	80	34	108	98	157	196	140	204	184	14	142	38	45	1
253	116	132	116	29	111	130	116	230	191	95	47	49	9	241	211	82	133	4	138	225	218	176	145	220	111	108	186	156	147	40	15	179	179	251	83	58	207	133	178	93	252	121	203	228	125	155	185	169	142	108	176	1	107	161	231	159	17	7	35	158	21	130	71	172	114	70	63	144	29	118	179	141	203	186	64	186	38	89	183	134	191	168	38	82	126	49	214	110	233	215	68	15	17	148	27	25	131	233	66	186	43	195	55	125	148	148	206	19	133	123	195	86	82	33	230	206	5	198	149	66	224	68	214	207	219	218	103
13	55	247	216	29	104	126	96	6	10	215	254	0	73	121	119	92	4	52	75	162	203	218	105	57	219	103	164	190	25	220	185	147	172	76	205	107	203	222	224	153	139	170	8	192	63	60	83	189	238	64	103	61	21	196	184	75	71	198	111	251	217	37	182	160	12	106	253	215	3	24	66	25	10	200	28	92	125	70	143	38	231	98	188	230	50	194	213	178	54	151	224	14	181	61	97	69	75	67	192	38	217	226	235	173	252	239	106	251	232	254	63	235	60	142	191	182	122	101	97	229	248	25	152	67	177	93	75
247	68	187	195	10	9	240	58	10	88	231	223	156	210	180	131	223	184	243	178	213	33	99	255	74	255	41	248	191	239	40	14	182	91	122	137	36	89	79	157	124	88	178	31	49	17	79	173	247	201	147	93	255	224	7	164	129	115	107	26	96	240	128	164	11	97	49	151	159	119	24	76	7	148	40	26	93	231	186	114	213	95	117	18	85	23	80	164	158	219	254	6	233	187	109	14	169	75	85	17	30	71	99	50	131	182	193	136	115	172	40	158	8	101	222	244	40	41	7	33	122	72	67	77	59	166	221	237
32	200	204	182	62	48	124	143	26	73	115	222	206	127	185	42	89	17	144	36	158	247	254	158	152	226	203	220	162	7	133	27	89	39	156	222	23	153	145	158	19	128	145	119	222	53	14	44	2	113	139	167	4	98	8	90	188	74	22	78	183	218	147	201	163	134	64	142	137	246	224	95	28	108	218	142	23	80	32	181	16	13	150	148	73	150	4	143	134	110	156	133	130	97	0	7	103	52	199	215	235	225	6	122	27	245	123	64	38	233	160	20	203	201	103	52	30	225	251	24	211	214	206	187	87	148	101	164
73	45	158	89	35	97	99	201	242	61	76	242	247	9	169	164	98	91	219	119	60	190	87	158	117	207	229	35	189	42	181	157	229	236	65	48	239	186	121	105	178	246	150	96	53	211	121	131	203	255	45	99	110	50	118	95	160	172	115	123	113	81	225	1	19	210	133	224	82	110	243	78	116	168	19	172	98	206	51	177	30	80	40	58	117	237	245	222	220	121	169	139	157	192	204	222	5	177	101	247	229	86	231	0	167	167	95	154	203	220	93	225	107	194	43	55	135	178	116	93	214	176	176	108	115	131	117	74
173	173	213	214	193	83	52	3	156	217	52	9	166	247	207	148	145	49	132	144	6	12	63	125	121	234	61	226	252	81	74	218	78	220	210	58	34	106	2	142	74	141	198	146	30	195	67	30	253	17	1	165	131	131	25	91	221	23	113	44	243	40	25	109	212	210	79	241	241	178	225	119	80	188	125	206	15	123	214	34	93	172	235	125	227	228	254	24	136	84	140	45	245	193	127	169	179	212	61	255	77	27	84	186	243	254	103	55	62	37	115	168	2	36	36	45	250	253	251	89	246	40	225	95	198	185	199	13
5	91	70	134	96	16	219	22	216	241	177	212	60	49	100	185	236	241	82	152	91	233	163	120	66	180	72	149	202	176	182	158	16	103	0	16	42	40	179	143	106	31	60	24	140	54	72	28	222	25	79	10	94	148	176	107	64	250	45	44	253	59	174	23	135	16	149	80	252	16	237	100	16	166	160	96	23	48	10	2	229	181	203	38	53	199	231	227	255	31	159	203	212	111	161	134	131	39	145	242	85	63	143	180	92	88	223	58	11	114	220	90	17	255	137	67	200	189	185	150	50	231	253	21	37	200	73	52
113	133	41	174	141	114	181	9	247	210	222	74	174	173	61	44	236	172	107	77	22	58	107	205	208	219	246	235	109	48	145	38	246	244	235	54	156	37	255	201	168	88	63	182	235	90	36	137	126	143	224	28	108	92	250	127	115	53	79	146	67	151	21	70	106	165	213	238	11	183	5	227	222	232	101	43	166	153	163	178	156	8	37	240	228	134	91	98	51	9	183	144	188	139	48	89	239	219	236	39	185	41	231	170	57	30	12	181	228	244	241	46	128	110	137	73	129	0	230	252	126	28	207	149	108	166	209	104
61	227	251	153	215	71	25	203	12	216	2	160	223	56	177	240	144	59	79	23	57	49	107	55	15	125	43	102	84	220	62	27	212	154	104	215	226	87	138	135	163	189	206	32	52	38	195	168	190	175	131	16	224	153	69	62	57	132	13	157	101	24	252	107	246	113	183	7	52	11	45	108	70	113	244	90	90	142	125	45	171	20	102	5	54	138	198	24	170	104	13	179	76	209	69	115	233	51	13	134	235	206	243	188	204	123	172	19	30	80	177	227	106	66	194	216	25	106	5	118	187	165	112	252	136	254	10	20
196	237	99	10	228	69	137	88	111	165	232	56	11	136	202	63	223	91	14	67	18	115	190	179	232	78	229	94	9	18	48	144	4	107	108	21	162	210	162	21	197	163	159	31	149	6	143	111	188	109	154	40	60	88	243	47	241	73	163	207	61	106	88	149	226	146	71	45	253	150	76	211	206	156	156	107	69	255	158	10	169	70	16	87	85	162	14	98	194	18	113	217	44	107	190	97	201	160	240	16	82	115	9	239	42	105	234	126	242	168	122	96	108	236	79	189	248	220	147	221	183	89	128	50	49	205	242	204
152	157	192	138	132	123	36	111	12	242	162	61	120	245	90	203	45	241	191	10	191	61	207	23	76	99	216	207	7	228	212	199	172	49	17	110	199	24	153	165	159	228	88	177	209	197	151	133	255	153	24	234	20	13	53	174	12	123	19	71	64	251	212	165	88	6	251	54	232	159	39	79	250	149	134	114	199	110	56	30	178	137	47	3	27	158	17	117	13	27	82	63	193	224	91	117	52	84	88	191	53	140	96	144	166	220	238	88	135	236	121	126	249	42	239	173	95	27	103	76	121	198	48	175	119	175	158	241
135	104	248	141	175	100	209	213	205	137	56	35	72	34	222	52	153	193	211	38	1	101	64	166	66	6	215	7	88	156	175	84	107	238	176	100	53	218	182	127	192	223	200	173	30	147	31	46	146	62	22	217	27	132	19	229	191	141	174	160	57	66	68	246	255	134	144	240	157	165	201	239	71	20	63	213	88	116	125	196	53	5	218	97	101	104	243	184	81	108	124	33	170	122	75	238	187	145	124	138	138	111	144	165	146	109	173	47	170	143	4	224	183	198	177	224	176	243	8	91	93	211	230	184	132	114	67	97
142	121	207	31	244	76	158	138	11	89	60	107	22	18	210	59	127	247	229	86	95	2	189	129	250	49	117	105	119	123	132	56	64	67	206	235	161	188	115	243	61	109	10	115	163	77	117	1	155	223	171	213	218	175	13	118	68	165	232	165	127	122	149	158	122	193	149	224	133	118	118	253	92	40	109	228	133	47	75	151	47	26	139	60	61	245	73	49	133	59	186	241	186	160	190	145	188	235	220	161	92	38	192	187	106	59	72	36	82	47	45	219	155	44	149	154	231	139	84	105	106	171	62	139	70	215	167	255
241	115	17	70	235	218	19	10	97	100	87	67	155	19	223	75	129	113	228	86	104	121	14	70	185	174	176	206	72	0	180	75	215	122	79	50	120	110	143	79	213	69	125	143	77	64	171	165	125	134	164	233	224	230	39	250	80	44	228	10	163	137	16	237	26	216	55	31	221	205	178	157	133	166	231	226	39	151	253	226	205	13	110	206	250	147	249	126	56	53	152	168	213	31	35	205	205	241	136	157	44	114	9	86	159	35	253	147	229	104	215	66	47	205	175	102	34	13	4	208	248	81	65	32	218	92	116	53
64	175	246	44	91	90	8	14	75	52	20	74	124	79	127	241	94	154	145	57	80	252	227	208	174	64	133	228	38	241	169	152	143	161	122	73	80	110	40	68	49	215	221	81	16	166	92	98	173	225	90	6	36	26	157	4	201	76	145	161	96	74	154	140	212	248	4	20	42	223	80	84	187	247	24	128	121	39	134	157	75	92	108	141	188	193	168	141	24	193	12	163	191	166	227	86	171	123	142	2	54	117	94	213	148	142	21	93	12	250	127	30	156	60	5	91	18	43	24	64	19	189	206	138	174	252	57	123
136	183	215	173	231	103	154	213	78	160	96	239	52	216	111	160	44	129	153	189	38	149	240	143	141	57	201	91	239	40	121	130	98	143	129	138	160	15	203	214	129	185	76	29	92	179	122	117	37	93	40	19	122	168	215	55	195	56	161	193	40	94	83	211	54	115	91	9	145	234	28	199	57	5	60	89	110	249	20	84	101	26	53	130	155	197	190	78	160	51	47	124	88	222	220	143	242	66	74	36	229	113	78	228	191	224	47	73	165	210	173	50	40	151	165	104	228	121	128	216	125	240	49	148	146	125	235	170
248	162	149	91	35	242	253	16	254	84	150	93	197	31	146	70	0	57	171	209	133	76	107	200	235	53	223	254	83	157	128	49	123	48	94	156	111	124	124	130	22	5	163	91	163	108	44	5	115	38	186	157	191	215	24	252	74	110	23	74	42	199	160	59	186	39	105	5	234	75	226	227	242	7	56	132	70	195	81	56	146	182	162	118	82	51	247	202	65	245	123	169	169	180	226	21	116	144	233	48	44	185	112	103	26	41	241	255	77	34	45	36	73	170	196	101	199	196	1	13	27	93	7	249	49	118	243	14
106	0	31	31	98	227	238	196	132	59	165	85	217	50	81	17	23	177	108	50	87	107	223	82	12	214	211	2	249	163	155	130	167	55	109	180	213	35	49	99	79	95	158	241	240	231	216	130	65	36	116	184	58	44	234	43	45	229	44	25	230	139	110	43	132	193	141	230	19	159	196	56	65	136	172	33	158	201	1	59	255	176	173	136	74	139	160	104	99	196	153	197	247	11	229	137	217	213	10	124	131	212	175	33	162	234	19	211	245	251	67	169	73	124	108	183	146	117	179	255	163	43	159	46	177	122	11	79
66	67	124	181	129	224	46	109	94	24	214	158	125	248	152	147	96	168	224	13	126	81	18	233	78	201	132	47	205	227	202	234	127	156	5	88	39	108	232	66	34	86	197	236	53	1	13	89	217	166	173	57	151	162	183	57	23	148	158	197	58	151	173	146	187	31	87	73	233	21	232	176	183	47	7	20	17	100	153	228	107	182	249	237	129	57	169	137	53	41	208	215	17	0	109	89	157	154	138	217	117	216	203	234	110	113	226	57	127	167	179	103	162	171	107	112	181	142	175	181	78	200	103	121	225	133	149	16
133	147	147	85	176	249	192	161	4	91	84	90	178	244	16	193	106	66	247	182	145	157	202	176	118	101	24	237	24	198	55	97	111	98	228	129	100	127	69	204	227	222	131	248	170	211	115	51	111	87	233	165	227	131	34	229	190	208	99	129	190	16	194	32	109	165	162	71	198	130	136	152	195	81	246	84	211	72	98	226	221	29	178	120	59	127	56	42	72	15	193	84	34	60	207	25	130	255	200	17	214	30	109	211	141	4	209	86	194	56	106	204	58	24	185	207	97	51	62	65	83	207	101	223	100	71	181	177
18	9	107	253	2	131	149	129	1	177	17	212	68	150	139	16	140	220	216	164	152	186	175	154	17	182	173	89	229	190	206	29	98	174	61	17	209	159	170	9	165	120	12	91	157	93	155	114	10	227	8	36	149	136	172	181	121	37	149	77	220	89	23	141	13	54	234	76	105	247	19	166	188	187	136	239	201	62	77	54	90	49	96	245	103	86	84	135	22	138	193	117	121	133	205	142	123	11	133	18	24	211	190	96	67	214	232	3	161	95	175	37	212	199	93	175	128	248	44	196	99	122	132	223	121	14	221	226
17	248	121	232	45	154	160	135	129	19	35	16	238	65	163	145	222	63	175	138	232	50	210	111	197	56	217	133	174	107	83	72	69	199	158	59	131	89	45	118	129	162	248	111	200	61	126	96	242	85	54	4	237	16	169	200	170	103	176	255	122	211	254	225	146	71	9	199	156	148	200	225	61	96	192	138	36	242	225	175	251	190	130	221	219	223	130	166	174	106	53	224	159	197	50	41	245	88	220	11	203	157	243	54	218	166	231	87	237	234	133	58	57	127	238	215	34	198	192	121	183	43	68	16	208	105	83	125
40	140	207	252	111	129	219	149	145	62	11	25	88	140	245	48	94	72	99	175	124	83	152	59	172	91	3	48	149	115	106	237	13	207	10	212	34	183	251	182	120	55	175	77	172	165	110	99	201	119	236	112	79	2	54	137	197	64	231	153	72	187	213	240	54	157	247	204	215	183	217	114	253	64	247	13	253	144	146	190	22	246	96	163	30	162	26	1	1	59	127	180	241	125	113	20	40	49	81	214	102	103	36	87	193	21	112	85	72	219	238	29	204	49	251	35	110	70	149	235	155	158	170	219	139	10	125	248
225	230	134	23	144	33	204	250	197	13	222	69	225	2	16	120	244	70	99	41	0	114	99	24	32	189	252	35	102	169	13	61	130	177	254	23	73	159	94	104	57	234	173	95	125	189	162	124	106	142	135	14	237	241	16	36	81	214	237	177	211	179	18	144	52	246	166	39	141	95	168	164	99	237	3	220	217	13	135	76	237	190	44	31	200	89	68	127	176	41	188	93	249	129	140	176	56	220	163	95	119	226	129	24	216	151	174	199	22	21	36	195	197	76	52	64	9	113	226	33	170	24	87	182	137	38	19	4
181	245	148	21	123	236	109	134	79	245	11	243	51	8	95	124	225	0	208	66	218	124	115	175	135	90	141	136	197	127	37	151	6	45	41	166	137	37	242	60	250	7	253	18	19	237	119	64	253	113	179	10	6	51	172	141	116	161	138	50	253	185	96	188	14	144	26	179	128	103	62	96	171	202	67	103	67	42	91	181	70	201	102	55	57	217	71	67	15	177	65	119	211	94	92	104	218	215	66	233	88	188	151	150	67	174	92	153	216	23	167	186	194	85	106	222	120	233	52	138	201	172	199	60	73	205	9	112
244	59	102	247	42	212	177	91	244	107	18	165	72	189	164	139	169	112	28	123	255	147	227	132	236	48	123	220	33	98	207	16	115	208	76	210	169	205	247	240	71	216	15	125	108	183	8	63	115	213	62	52	56	93	99	228	97	168	200	168	3	63	23	145	112	162	45	119	189	240	191	90	32	67	173	83	28	86	33	117	129	198	236	226	73	170	246	28	203	46	32	92	72	59	154	178	183	199	214	8	182	253	114	215	128	246	170	45	254	193	77	246	68	1	44	235	236	239	45	170	249	83	137	82	234	33	39	68
209	177	93	146	132	210	82	67	58	53	79	216	142	109	33	163	40	70	141	125	13	120	149	91	116	19	188	63	14	245	149	90	254	65	229	170	30	129	196	173	12	31	131	105	86	143	180	81	130	202	218	184	130	173	245	235	69	109	185	112	169	206	169	190	128	6	93	210	125	49	143	216	124	97	163	133	99	40	8	206	58	48	94	245	24	80	111	172	180	83	137	12	169	239	86	32	155	205	23	126	46	162	130	111	196	251	153	210	93	136	242	210	24	141	47	225	19	27	133	43	26	42	232	10	95	106	116	208
16	191	6	120	88	128	47	128	240	82	16	22	150	17	139	33	173	113	251	251	109	40	232	225	207	159	255	189	249	32	32	93	247	44	143	134	236	200	75	231	214	17	236	212	139	6	13	220	6	63	81	192	57	128	30	95	208	157	79	252	75	42	47	145	154	171	124	10	221	56	13	33	250	239	190	83	60	46	140	152	1	190	176	30	90	234	139	49	123	201	98	210	154	128	221	136	121	46	18	36	229	207	192	216	255	254	140	11	255	54	254	139	224	213	88	79	105	52	9	124	25	38	90	118	67	51	69	212
153	85	224	107	69	251	241	81	119	162	97	5	7	98	102	88	152	251	210	155	49	173	176	171	62	39	75	245	17	152	184	79	216	64	34	179	77	37	114	37	193	254	173	201	177	93	202	182	107	96	181	174	127	175	28	235	202	5	139	135	167	224	53	66	226	6	131	58	56	41	193	90	117	55	183	172	169	213	12	4	165	7	204	5	135	239	35	80	82	135	102	50	126	205	133	46	157	60	108	2	86	11	223	21	75	134	153	0	189	168	76	68	49	210	163	213	173	234	104	20	10	139	79	10	248	87	227	29
133	76	237	254	114	86	142	92	109	207	4	226	255	28	196	24	51	9	212	39	121	73	189	3	160	195	121	131	27	243	157	109	2	182	78	185	63	188	111	32	174	24	114	64	40	132	41	13	66	70	25	185	229	112	154	94	218	252	49	10	177	97	187	224	214	179	78	24	30	181	82	244	131	17	214	149	174	202	80	229	24	237	11	187	175	44	172	73	203	121	44	134	213	178	52	93	122	143	11	164	150	243	116	161	52	225	196	162	191	118	100	243	27	9	55	170	105	17	44	119	112	185	23	77	33	56	204	15
29	94	250	239	43	122	129	197	245	55	125	135	232	51	19	108	4	218	115	122	166	174	144	114	141	68	125	60	88	165	178	239	68	30	230	177	28	69	176	26	181	182	235	175	175	92	163	165	176	232	35	23	203	22	70	31	111	166	104	28	44	208	38	58	39	111	43	20	248	194	197	126	61	163	231	51	216	159	11	93	17	61	240	40	233	131	105	175	24	31	41	214	74	10	27	70	195	76	142	69	48	25	207	105	110	209	91	154	196	219	110	185	200	127	71	102	40	2	50	187	125	101	156	161	5	231	174	190
244	139	13	118	146	202	110	29	187	65	108	134	31	219	2	225	123	1	77	3	241	98	179	92	245	126	203	228	162	122	116	203	28	218	81	94	65	44	44	40	109	229	122	19	21	237	195	203	238	27	231	44	55	25	130	107	43	185	196	170	114	63	244	119	186	57	187	50	30	234	118	216	152	86	179	129	121	172	211	86	66	185	12	63	64	217	115	125	114	91	83	3	51	227	172	33	130	244	178	32	131	204	186	166	164	109	223	214	12	223	32	12	241	124	148	33	218	130	137	47	121	91	108	41	140	57	77	161
211	204	19	104	212	14	154	241	177	212	237	185	16	42	203	63	92	160	77	31	241	245	146	181	11	112	125	68	126	168	224	84	199	152	133	143	92	218	92	61	24	78	101	25	92	59	74	134	112	104	96	210	30	38	158	235	229	96	196	89	80	188	36	31	250	69	240	125	177	147	210	195	185	60	1	97	78	218	48	107	159	177	157	243	9	215	50	203	197	113	106	232	171	60	142	39	57	31	212	68	11	187	184	195	76	101	228	180	176	168	164	13	184	149	6	93	6	42	217	168	99	201	157	123	5	128	212	218
120	181	184	247	220	17	24	243	178	75	27	2	251	13	236	65	149	188	116	218	26	18	248	169	79	150	176	8	123	128	121	5	107	82	211	169	199	59	23	176	117	119	10	210	203	109	216	25	183	108	22	161	116	63	101	0	33	205	233	60	200	248	42	145	7	209	82	64	73	152	111	204	15	21	101	228	173	61	117	128	247	126	22	55	67	122	128	26	145	37	163	194	234	248	226	11	24	171	71	12	224	185	82	83	119	146	4	78	87	241	7	251	145	46	103	244	231	226	80	38	198	17	64	190	178	190	91	126
160	214	149	173	26	43	201	218	140	186	158	9	65	174	110	117	36	166	2	170	27	7	88	20	5	125	48	208	105	80	147	60	176	129	42	174	82	137	134	245	219	4	27	167	44	237	26	80	96	153	36	113	34	105	225	176	193	11	194	189	141	207	249	98	43	3	107	199	151	121	56	120	51	93	238	153	127	16	36	107	24	7	13	121	132	144	208	183	45	120	248	168	23	226	70	19	9	133	179	62	114	179	191	21	148	156	215	214	28	39	116	215	245	113	193	147	119	159	19	214	66	34	52	151	166	137	21	159
35	116	71	172	196	108	198	75	126	34	210	166	70	114	135	166	192	250	49	94	165	24	93	42	17	141	28	77	59	152	149	161	56	251	144	245	85	125	46	138	36	220	63	213	28	196	222	68	62	148	105	6	173	58	58	83	65	214	66	238	181	92	221	250	205	188	26	0	81	137	9	76	80	52	240	137	185	78	115	24	9	129	195	196	167	3	159	242	8	96	20	144	249	244	175	38	41	14	72	10	94	76	202	178	40	67	244	134	148	36	249	61	174	24	7	22	61	78	98	81	42	190	142	100	3	97	103	0
15	252	58	30	134	41	29	133	156	79	156	130	167	14	118	84	23	36	196	35	51	132	224	181	131	223	224	205	235	205	138	55	92	52	188	60	237	151	127	160	12	103	20	67	118	120	59	226	95	178	118	56	110	205	81	239	185	117	200	124	118	71	24	94	116	200	175	133	230	14	143	95	13	58	239	57	231	10	53	201	142	228	9	98	213	226	144	48	13	185	237	90	103	177	176	158	187	201	222	69	227	152	1	244	135	241	95	79	103	140	110	207	206	157	121	117	160	157	112	155	226	202	207	137	39	139	229	204
17	82	131	19	159	97	170	208	108	22	6	85	184	94	18	76	85	231	131	57	141	190	73	0	149	161	84	187	103	113	226	45	140	249	252	43	217	16	99	55	139	192	135	48	24	79	18	132	160	234	27	215	17	11	248	94	119	156	9	67	93	231	217	250	217	116	41	50	26	83	57	246	47	135	99	24	193	244	154	90	3	250	99	144	82	143	145	189	29	152	202	46	24	115	149	143	92	62	182	22	34	7	113	200	137	150	205	42	111	49	129	147	211	208	135	247	87	143	254	226	159	114	235	164	76	94	186	113
94	4	185	51	73	80	113	202	88	173	83	48	210	193	169	3	186	106	102	251	57	187	36	17	3	48	69	62	51	124	224	111	205	163	111	80	253	127	191	196	52	64	193	207	183	179	185	206	182	138	222	88	30	79	123	85	125	242	241	83	24	244	195	236	142	209	79	181	175	75	10	96	227	198	22	54	243	160	166	212	140	101	83	27	36	80	255	136	251	48	23	39	210	224	50	191	41	56	184	0	77	226	22	9	1	229	64	219	108	64	90	1	28	45	219	222	238	39	72	50	25	182	239	29	113	109	9	162
184	213	63	235	116	79	3	109	195	64	19	20	230	48	127	41	190	32	207	112	190	189	105	35	36	166	150	197	181	12	176	148	71	166	217	171	2	91	111	14	82	202	236	228	0	142	0	45	62	238	243	177	76	6	147	130	220	85	163	124	189	101	250	139	217	145	218	234	6	95	162	21	69	132	196	81	101	87	104	19	160	228	236	177	98	0	12	80	145	226	126	116	103	238	241	231	86	76	105	233	131	93	175	152	56	66	22	32	80	23	180	162	173	119	140	146	164	187	210	7	228	70	164	129	247	47	132	23
199	244	18	178	155	142	138	33	25	191	208	13	240	117	122	215	192	174	204	253	95	234	201	55	40	159	201	190	140	104	159	192	98	61	55	60	124	42	43	252	229	156	107	43	159	103	207	107	31	104	208	144	248	16	166	27	210	147	157	122	108	54	11	111	56	149	190	80	156	200	234	203	252	181	96	97	21	59	43	230	130	212	172	233	17	75	253	29	105	166	102	48	111	255	24	213	232	189	217	166	145	88	170	208	226	52	222	238	75	45	87	44	215	75	113	242	216	116	174	107	4	76	97	103	239	54	139	191
187	35	15	128	100	118	212	148	98	167	186	216	189	158	216	135	147	80	144	131	165	84	28	240	117	82	235	236	44	160	98	218	43	27	31	121	29	187	168	142	103	44	98	180	55	80	46	108	164	37	48	59	29	191	188	113	202	210	105	43	113	200	231	207	183	245	81	113	14	71	210	47	125	152	179	61	224	194	104	3	144	85	24	53	99	104	14	43	213	132	181	203	41	141	52	36	103	135	23	10	231	132	36	26	204	11	137	2	61	182	190	29	61	216	93	117	45	88	55	110	125	60	75	95	123	242	134	146
15	223	40	183	233	83	94	66	25	182	132	73	20	13	23	138	237	187	8	119	126	60	201	46	45	148	200	113	94	66	130	161	110	59	252	100	92	190	222	217	222	211	27	12	47	220	146	63	42	126	124	24	166	66	239	209	197	48	90	137	146	39	223	218	11	250	189	18	66	189	228	4	175	210	80	237	31	224	203	114	191	10	172	248	20	84	24	221	38	226	104	121	97	32	254	172	101	61	247	8	181	154	16	86	104	11	199	151	249	183	247	12	12	19	90	174	252	56	28	116	160	227	157	8	191	38	211	212
31	21	187	233	246	207	99	184	40	151	49	121	139	112	38	99	165	220	229	186	24	48	127	219	52	113	106	60	167	161	7	199	163	218	80	184	221	178	19	185	151	82	116	68	77	113	132	110	4	175	252	0	224	179	20	15	33	11	78	31	35	194	113	157	58	124	242	59	25	106	175	93	149	82	175	114	193	71	134	189	5	247	99	23	57	254	171	117	254	32	34	210	212	182	81	148	80	192	77	168	29	117	91	178	71	251	45	237	157	179	56	255	254	165	127	231	142	192	187	220	144	73	24	48	89	84	10	87
212	246	160	53	40	236	84	31	216	86	140	12	153	146	130	9	195	247	178	74	12	69	111	199	112	4	128	145	53	41	8	15	99	230	202	251	42	147	3	61	7	101	14	52	31	20	201	27	82	63	22	94	133	221	55	25	11	180	101	187	252	235	153	51	185	134	168	235	202	190	187	28	240	249	96	45	232	200	85	102	32	152	227	27	189	36	130	177	5	119	135	71	234	69	68	246	148	127	116	168	145	16	59	19	245	97	31	127	58	87	16	160	83	38	218	115	248	223	239	216	16	200	145	251	179	48	158	76
166	152	119	13	137	234	125	163	38	7	233	68	153	107	186	22	4	233	83	234	43	22	161	191	205	7	198	90	9	135	140	4	245	139	32	26	121	30	33	230	27	217	115	128	118	84	28	7	110	59	48	89	174	64	153	205	98	84	213	35	146	119	28	29	140	214	90	141	97	208	60	54	222	87	4	118	117	64	220	140	6	61	116	19	173	145	5	158	61	60	172	223	213	214	254	129	195	35	109	33	182	36	29	180	200	21	133	104	122	227	39	181	226	141	158	230	160	124	209	205	250	135	30	44	7	197	66	195
72	206	107	209	165	193	146	157	57	13	9	183	226	75	4	182	85	41	246	150	5	32	154	60	57	17	222	0	181	132	137	213	19	126	246	37	226	180	59	14	195	99	68	143	94	92	64	59	177	106	130	118	158	170	208	63	230	21	112	29	31	203	139	6	195	20	226	204	160	26	36	137	43	154	30	101	69	255	55	22	176	232	145	138	50	116	150	161	11	220	107	94	243	29	91	16	41	217	127	239	118	248	248	194	17	37	202	247	178	53	41	200	221	78	95	84	118	0	77	85	226	10	190	70	215	134	94	88
51	143	212	8	3	191	33	204	226	212	34	12	189	196	62	160	70	103	191	209	87	18	46	147	5	162	164	207	221	50	37	120	190	78	223	235	153	175	60	164	66	88	125	177	15	109	145	1	30	147	43	91	55	8	147	146	38	170	149	20	102	233	110	223	215	5	176	243	237	102	225	27	166	184	71	135	17	37	235	195	118	198	113	218	189	225	217	215	6	35	26	175	211	155	187	138	190	64	231	139	226	189	196	136	253	242	174	77	195	166	163	1	227	128	101	226	62	241	195	135	104	170	112	73	68	175	61	86
197	70	236	23	152	177	255	210	104	182	65	204	42	67	2	87	195	93	198	13	131	253	39	190	62	18	214	236	75	145	150	45	109	41	164	124	122	81	162	181	116	101	251	225	0	225	169	135	233	168	35	27	248	210	118	48	61	120	157	137	84	163	9	191	192	249	105	34	158	185	205	144	49	190	238	198	112	147	197	26	112	178	67	79	208	36	70	90	100	229	53	167	164	172	139	9	84	176	179	137	179	220	15	90	217	101	76	154	181	149	194	234	170	167	21	3	243	190	187	75	213	99	103	156	112	74	243	8
29	79	246	120	182	195	78	87	54	116	42	222	14	52	234	182	192	21	80	213	7	87	88	74	98	56	144	144	152	103	153	40	143	211	209	128	121	63	75	178	47	56	5	127	218	101	53	176	239	182	219	137	117	209	95	185	224	54	37	225	253	144	19	183	167	87	47	104	106	215	111	222	180	79	46	173	210	179	246	198	156	186	179	205	174	167	36	82	2	224	189	153	11	150	214	7	227	34	10	63	94	195	86	17	89	254	245	250	186	112	203	217	145	45	65	72	109	16	44	30	128	147	31	105	0	22	145	12
133	90	247	120	200	240	94	130	107	99	24	172	191	12	15	244	126	23	228	160	39	148	5	85	222	131	124	157	187	152	95	58	50	163	53	215	194	51	111	191	183	4	164	148	98	91	120	198	56	235	97	193	137	69	205	35	191	208	178	222	83	229	75	217	255	202	173	134	69	150	125	148	238	117	42	196	76	235	215	41	160	94	89	18	77	192	189	175	86	243	57	190	44	139	81	195	91	14	50	214	59	89	252	172	104	95	169	243	21	236	170	59	185	126	254	29	149	182	222	23	93	66	251	216	145	123	221	31
44	243	57	128	90	246	0	176	65	123	188	213	144	48	142	147	251	191	187	71	221	67	117	49	193	253	81	57	88	196	121	241	64	78	164	209	243	95	163	45	247	209	185	8	247	73	174	163	85	251	209	64	52	119	169	53	82	40	187	214	81	221	246	156	212	161	19	67	0	222	165	19	254	160	4	138	50	207	205	176	86	232	152	34	213	202	245	100	169	85	241	128	202	52	83	118	96	143	185	200	209	155	22	30	182	13	129	159	202	189	57	194	56	98	245	66	27	5	29	31	179	125	113	38	113	42	55	139
5	162	187	128	139	79	255	47	175	29	241	19	239	86	235	177	192	123	16	22	46	22	98	43	38	77	187	241	90	76	85	190	198	13	76	179	148	15	223	168	40	143	85	165	125	176	39	174	207	116	32	75	74	85	24	23	91	112	92	69	113	136	163	41	128	6	26	122	148	139	133	200	114	147	52	130	160	115	4	176	49	242	135	38	131	92	160	162	139	130	255	196	163	46	16	186	215	8	188	21	82	175	66	77	196	45	16	137	246	254	210	238	75	212	93	212	219	169	120	224	175	133	232	167	253	160	110	2
197	151	63	197	24	166	95	184	96	51	244	122	80	131	73	22	174	238	121	223	42	123	62	147	61	96	197	139	89	142	45	35	41	237	8	140	85	172	53	239	6	168	32	130	151	49	67	65	59	173	63	98	234	164	29	219	243	38	136	63	47	65	169	232	150	103	239	18	140	106	177	163	87	91	101	193	4	20	213	82	165	106	194	207	134	252	95	45	246	64	32	65	63	106	72	251	181	124	178	11	12	165	179	151	229	63	183	65	74	72	157	74	185	91	242	9	30	71	27	152	85	127	195	64	223	77	182	89
19	231	102	199	160	26	205	251	184	150	109	34	219	29	210	1	244	138	119	76	237	4	100	153	87	70	166	121	43	247	195	232	189	185	3	45	97	250	221	246	48	106	66	210	196	110	92	50	130	138	100	169	7	239	148	56	36	185	172	24	43	94	23	177	132	16	208	142	242	77	208	248	251	10	253	166	180	82	225	163	159	177	217	201	85	125	226	219	201	67	9	38	75	85	203	98	185	6	45	230	17	85	23	3	60	152	195	163	219	53	158	198	190	244	109	153	116	10	161	27	117	190	42	115	164	221	216	95
30	161	140	111	188	120	252	204	22	140	77	147	79	239	61	178	41	145	15	181	103	251	200	119	200	66	145	196	249	244	19	74	117	98	253	254	88	97	27	246	99	132	110	67	68	173	96	15	188	157	149	191	134	242	17	196	73	19	232	207	195	23	23	250	220	80	142	206	210	80	54	3	101	161	241	237	11	71	218	120	204	180	246	28	11	116	254	12	190	119	107	102	96	109	206	35	132	30	229	70	208	117	169	103	38	55	212	165	208	182	100	241	94	44	167	236	97	45	60	6	15	128	124	3	77	173	251	38
212	245	221	252	247	105	167	251	225	154	85	140	163	53	106	236	135	41	29	197	95	136	227	229	143	57	6	69	186	110	224	118	151	95	89	174	45	204	15	108	151	106	69	168	111	10	190	11	76	182	118	125	122	166	253	192	201	185	137	64	122	31	206	191	148	64	168	227	164	17	208	136	48	210	232	194	105	154	171	71	245	21	201	168	94	126	2	119	191	210	241	158	58	185	236	159	211	104	40	141	94	127	147	36	75	92	203	167	68	116	243	238	14	21	109	21	197	166	237	116	83	38	49	231	29	103	174	242
225	60	23	180	245	1	71	213	27	21	112	102	32	227	139	172	222	198	1	199	47	241	35	109	114	201	221	189	23	247	3	89	56	35	21	118	204	224	52	23	218	193	58	154	108	15	246	161	190	86	244	200	156	70	234	251	60	105	204	183	197	3	49	162	8	192	207	238	255	106	245	207	79	78	33	190	74	79	157	93	114	25	70	11	42	165	244	190	68	8	101	98	133	105	80	226	90	236	218	36	98	196	147	232	190	229	93	188	77	178	25	152	169	176	154	224	130	28	141	246	90	70	15	64	79	190	149	123
136	133	8	71	199	70	100	159	62	98	90	34	251	80	90	43	243	139	142	32	110	213	36	230	165	20	92	16	159	239	108	29	122	81	15	104	46	231	111	146	61	132	227	1	145	108	236	43	133	203	214	147	172	18	228	139	80	97	106	33	23	97	186	173	194	120	170	190	54	202	95	225	93	28	198	34	189	203	227	10	9	83	230	86	67	53	108	125	14	51	167	63	89	0	63	38	208	142	0	135	166	101	4	60	118	151	152	114	35	109	60	189	120	89	184	138	75	198	121	139	241	111	59	197	28	222	66	116
164	212	224	84	115	244	1	42	39	104	173	216	155	198	21	70	52	200	79	41	238	130	67	205	151	28	157	141	115	69	71	158	243	203	160	164	156	150	103	151	122	51	27	74	141	37	213	210	52	119	182	226	164	51	81	9	26	17	102	185	190	7	246	231	189	14	87	168	112	80	27	113	3	73	103	135	37	229	18	150	186	134	78	122	179	16	23	117	131	19	74	228	160	162	233	242	171	112	210	171	64	54	134	148	75	222	219	1	181	97	4	48	225	119	155	7	28	252	132	151	213	164	58	55	86	213	84	246
84	249	43	224	176	235	53	22	131	248	209	170	204	112	199	211	33	193	96	98	52	187	71	57	24	237	158	168	229	158	109	155	92	73	236	62	164	8	64	161	192	253	245	7	58	212	215	166	160	142	122	48	93	242	179	142	247	17	113	151	134	144	168	119	104	249	153	47	99	144	10	161	90	229	255	207	150	203	166	153	67	42	217	24	247	184	252	126	128	180	240	118	208	236	11	210	33	206	228	153	175	57	123	15	124	100	193	10	111	251	150	14	239	185	125	151	138	73	230	50	124	221	129	113	149	83	24	82
86	89	158	235	205	105	78	148	67	135	252	127	46	189	194	140	246	197	14	10	195	96	136	21	27	244	128	18	102	112	215	76	50	179	223	135	217	60	161	232	58	41	223	185	42	27	154	4	82	117	121	73	252	80	107	111	114	73	115	211	122	213	194	46	145	46	220	206	162	32	17	110	27	0	73	253	175	226	173	60	181	31	206	148	68	226	157	99	161	4	108	229	94	131	3	33	10	240	232	29	198	29	133	215	74	217	76	53	205	138	79	205	217	97	224	96	119	147	18	186	68	24	193	95	229	5	237	25
103	8	31	32	22	130	30	6	144	63	143	193	26	26	188	172	78	52	76	110	163	47	231	97	138	107	83	158	226	117	250	188	63	85	15	68	166	95	119	208	215	153	182	173	150	112	249	96	132	143	150	241	34	136	199	250	147	73	202	89	195	234	138	64	178	57	172	200	80	35	237	54	111	111	203	218	46	108	131	226	174	102	126	169	12	180	201	75	212	122	18	184	220	74	165	102	151	169	97	197	185	27	223	198	158	150	8	192	1	34	202	22	126	24	131	176	33	183	163	161	144	170	121	189	27	236	219	33
251	3	75	211	246	117	128	39	54	71	25	63	72	154	227	81	137	138	37	204	60	56	95	92	10	64	91	202	139	132	122	198	192	215	162	5	184	229	172	140	221	143	155	124	129	159	20	155	56	70	250	240	140	0	196	33	123	79	84	171	22	202	109	27	165	132	76	115	69	186	185	152	17	191	37	254	74	50	216	101	200	168	106	103	43	182	2	215	53	25	87	55	123	93	182	222	169	163	57	232	12	230	181	230	227	232	201	255	37	135	188	3	13	109	4	114	18	71	243	38	209	110	72	101	200	63	60	226
7	127	74	216	164	195	107	17	228	21	151	225	108	53	19	159	197	36	180	223	25	196	29	17	147	23	84	229	216	150	96	236	98	86	153	205	205	94	22	253	231	224	100	102	234	36	19	255	204	71	5	134	122	236	151	177	158	162	139	138	120	190	251	88	191	53	122	126	115	69	166	59	97	249	29	107	251	53	136	1	24	156	225	215	53	20	162	131	252	134	16	148	24	221	174	174	22	207	181	127	180	40	123	137	15	126	211	7	213	5	196	175	139	251	32	207	236	18	103	106	103	14	149	9	141	160	175	102
84	189	18	61	223	155	175	147	67	210	168	56	174	194	253	70	136	184	38	98	159	187	201	19	16	162	173	74	82	152	119	109	125	206	166	252	127	248	83	66	136	87	3	216	244	3	242	76	124	209	92	176	174	86	162	173	122	220	138	145	6	202	222	187	195	32	52	116	143	50	117	194	127	249	170	121	172	153	146	146	240	168	124	93	151	156	5	99	26	197	244	231	159	222	181	60	134	231	66	82	211	143	201	32	68	49	93	231	94	167	194	93	219	235	252	163	63	6	187	53	196	191	28	22	145	255	215	126
177	102	116	185	125	157	218	69	200	176	70	226	201	144	40	13	184	56	146	218	106	123	76	45	20	107	81	28	76	206	82	212	222	18	38	38	221	75	233	148	130	134	197	4	220	141	22	76	246	1	93	114	119	198	211	96	198	251	212	240	198	75	212	55	235	92	176	21	110	7	42	14	198	103	203	163	221	38	118	252	42	73	223	250	175	143	224	69	251	194	151	85	167	228	164	24	216	157	125	219	77	181	91	27	96	92	109	156	143	127	113	180	193	201	111	113	242	16	79	185	212	254	194	28	125	111	71	209
153	35	1	21	240	194	125	213	185	218	233	44	14	140	35	137	221	204	148	43	39	8	191	31	152	17	172	93	195	229	192	142	252	33	93	38	105	21	98	4	157	118	235	136	225	84	142	252	99	251	157	101	221	52	86	213	52	224	183	50	146	181	223	131	107	37	210	89	177	91	136	64	79	220	200	84	86	185	60	4	152	241	31	198	17	108	52	237	67	127	75	88	129	65	116	191	12	234	190	10	186	168	220	232	234	183	26	101	217	216	110	132	190	195	146	144	113	205	162	92	96	191	203	190	231	92	85	1
63	102	148	128	147	25	144	175	224	222	92	46	187	167	246	166	50	83	158	211	156	255	82	7	7	44	234	88	12	220	241	23	212	163	228	135	89	59	135	185	19	190	34	246	134	82	75	172	129	224	222	105	239	37	219	30	25	225	16	214	236	129	237	167	154	13	176	110	234	68	155	68	45	201	139	130	147	113	52	186	238	240	244	230	145	59	170	209	90	189	188	85	197	162	41	99	45	203	21	150	34	43	199	198	143	248	20	210	8	153	154	130	110	134	140	46	117	126	104	161	219	221	243	170	100	25	157	198
125	54	244	59	164	150	75	101	187	231	56	144	115	115	222	179	243	119	243	151	137	160	123	120	160	240	178	165	247	195	12	1	57	125	121	10	11	90	73	243	140	239	5	59	225	82	159	72	244	209	29	178	104	67	17	211	191	126	235	246	82	211	219	29	25	157	157	218	129	239	95	67	221	104	160	27	67	164	253	39	185	176	239	25	44	32	107	218	176	175	49	10	235	43	204	110	71	43	36	151	200	169	37	144	91	137	122	121	37	20	223	193	20	19	0	115	229	6	119	92	234	125	202	104	81	197	5	249
224	133	6	98	74	53	168	126	205	212	85	59	205	12	136	184	75	153	136	60	148	193	198	61	151	125	61	209	59	218	30	62	10	103	42	218	39	190	191	96	100	33	147	243	215	221	154	180	69	198	74	65	46	196	187	197	163	237	229	16	182	52	145	1	18	141	101	227	72	204	96	47	241	228	113	43	120	194	39	10	95	115	196	209	0	215	126	245	242	121	13	236	53	186	77	65	55	131	253	72	119	165	190	131	221	65	202	24	173	182	199	39	143	45	119	46	54	65	81	123	219	57	64	56	9	59	210	251
139	138	145	170	166	37	213	193	243	151	185	16	227	119	189	153	214	250	37	178	240	1	69	148	222	116	64	141	110	249	131	106	187	167	22	32	165	58	16	106	79	105	110	176	58	127	19	222	92	82	253	202	202	180	168	211	208	128	136	138	96	226	194	103	8	110	145	146	49	160	137	255	46	22	224	181	49	140	227	253	223	177	132	59	73	73	39	117	13	222	193	232	212	138	111	187	187	56	57	144	126	17	111	255	209	212	30	186	151	91	13	2	79	12	18	113	226	11	162	120	188	96	88	172	105	155	33	61
6	154	206	247	40	169	203	153	202	126	45	68	145	57	222	93	74	254	92	89	251	102	191	103	44	168	158	189	103	80	134	194	49	140	101	2	197	44	71	136	63	65	203	3	44	193	244	179	187	106	65	147	199	65	176	4	27	7	44	219	178	252	83	195	145	173	32	73	43	177	171	236	115	44	152	128	105	103	250	195	8	56	28	156	24	110	199	237	238	43	233	219	73	116	61	49	227	39	181	122	130	209	209	165	31	41	233	133	131	70	5	26	215	117	203	210	231	175	96	56	40	178	87	2	100	10	123	154
212	104	238	134	16	74	146	169	243	101	222	93	244	93	205	6	123	20	181	13	35	3	173	178	98	53	47	49	216	207	197	4	134	113	69	168	15	85	158	9	113	131	113	58	235	199	200	205	122	219	109	34	131	177	240	162	68	245	130	189	75	65	48	63	45	154	71	70	223	24	199	174	178	144	223	100	161	154	154	45	95	252	186	55	240	171	158	119	197	53	101	171	213	60	81	239	75	95	41	218	203	94	201	231	74	93	244	150	155	232	89	210	124	30	29	1	162	134	34	5	130	135	233	126	255	206	35	176
74	209	224	64	208	109	198	63	135	81	253	8	7	109	111	164	236	6	14	133	103	101	133	29	8	68	103	63	22	146	16	220	230	238	56	150	23	76	176	232	75	200	180	101	174	207	225	10	129	123	145	104	198	151	4	220	171	240	97	96	243	133	157	168	25	149	204	151	198	135	234	89	94	8	253	27	146	1	163	103	218	61	215	228	86	82	221	79	57	79	74	132	225	115	31	34	111	144	240	116	66	159	173	217	243	186	155	246	29	16	141	190	159	153	204	204	136	11	131	192	228	28	18	85	35	108	233	176
175	41	217	47	227	101	28	233	8	170	246	150	76	151	115	5	14	213	202	164	172	57	81	207	76	20	185	171	189	168	98	32	126	27	69	13	60	150	119	137	52	27	219	97	244	238	157	172	9	191	41	213	228	190	146	18	244	156	175	217	110	22	35	226	55	157	226	209	95	73	171	50	155	164	183	231	12	155	109	64	251	189	108	55	181	215	99	22	243	1	239	91	71	170	242	48	194	146	173	180	95	175	252	176	153	245	87	36	184	104	141	195	165	50	17	217	121	89	16	39	16	162	87	232	60	48	82	0
179	87	215	34	55	181	100	253	43	231	87	81	64	48	241	88	216	59	207	97	153	96	222	114	2	98	29	7	23	55	223	176	61	156	4	255	126	137	137	238	114	92	206	106	146	167	63	151	172	69	75	131	231	130	79	145	26	113	52	128	61	191	75	109	5	169	197	13	239	38	202	207	80	66	110	200	244	238	184	203	143	32	214	68	168	210	54	32	238	113	90	53	197	42	14	3	63	140	241	177	42	92	125	184	79	200	27	50	81	242	192	15	207	162	201	18	179	29	127	33	251	91	86	2	253	228	119	37
57	82	214	206	84	35	149	69	237	193	29	194	69	106	202	221	11	232	40	215	159	156	147	157	202	41	33	228	140	50	252	179	12	161	200	162	169	5	157	34	172	36	2	166	234	197	99	2	121	199	197	81	243	241	180	52	70	182	24	18	149	171	215	198	210	74	213	77	113	207	95	215	197	70	136	189	166	23	228	103	202	190	181	118	37	222	45	108	220	65	95	18	187	31	117	173	226	203	109	174	112	191	208	96	104	224	165	154	85	136	226	131	34	161	111	129	16	120	218	167	94	155	206	166	124	104	188	21
94	42	162	87	38	171	7	130	26	223	52	185	138	11	186	13	163	241	55	254	153	226	156	249	113	131	170	215	163	136	115	204	165	31	224	109	14	192	209	163	3	129	32	113	47	97	4	192	25	104	12	193	2	86	255	202	77	34	233	62	109	64	231	82	84	165	170	131	81	61	134	70	67	162	112	50	17	74	19	14	69	232	147	81	184	46	197	37	223	242	142	244	232	40	243	23	60	126	152	114	191	27	217	82	159	112	132	14	254	84	226	143	195	42	176	117	62	70	108	103	6	218	221	245	238	18	174	142
12	214	18	242	71	63	181	91	151	51	40	61	26	165	149	157	199	202	214	236	8	4	101	76	99	53	187	176	203	171	207	232	47	235	143	82	130	4	82	123	205	59	246	75	190	82	174	203	171	33	83	163	158	31	163	184	84	55	42	45	150	154	126	134	181	64	66	92	226	84	101	156	35	211	18	131	75	123	166	77	201	12	103	60	202	130	186	106	43	132	39	184	250	54	28	103	46	100	107	104	240	178	40	48	97	235	149	96	213	236	52	30	184	193	148	19	78	251	15	20	1	76	93	160	44	108	96	98
181	180	10	33	179	220	222	132	224	178	231	17	157	210	152	101	112	69	98	18	126	182	168	18	110	240	206	6	133	147	18	235	74	243	145	76	63	247	149	221	235	144	67	161	160	4	239	217	90	83	40	143	185	183	83	60	31	17	221	194	225	1	235	103	183	93	224	217	208	61	14	159	114	78	53	188	232	18	222	79	81	86	153	77	218	230	234	196	26	217	115	35	203	165	177	52	119	141	3	163	49	225	188	229	75	126	196	225	11	231	61	139	217	53	81	10	28	37	21	99	90	19	175	161	229	87	99	222
44	141	96	151	195	230	24	212	16	158	94	190	168	241	74	221	79	162	28	235	126	118	4	170	192	107	135	116	152	118	196	19	207	43	172	199	37	84	217	48	142	130	129	130	99	56	89	173	102	30	1	201	250	112	32	197	218	45	239	241	197	242	42	160	99	174	244	129	214	170	94	59	25	118	93	236	222	104	115	231	235	227	77	199	1	131	45	139	197	174	9	148	169	128	0	207	76	229	60	89	83	194	178	188	190	10	180	48	203	226	214	30	32	248	169	57	6	22	133	91	253	230	24	136	229	238	55	35
176	214	53	252	188	153	141	81	208	180	142	103	108	196	49	53	42	77	228	198	18	220	224	15	68	95	157	45	42	165	177	106	224	116	0	104	175	159	108	138	63	208	143	218	54	69	169	29	82	137	39	191	124	183	155	112	85	238	242	58	46	158	164	154	255	152	236	163	65	118	227	35	139	175	210	198	53	12	102	157	161	0	132	162	118	204	1	186	27	177	70	221	157	124	250	223	40	53	101	54	239	62	99	168	23	39	69	71	212	100	47	39	159	104	206	243	188	213	62	224	237	187	79	33	127	181	160	133
92	158	66	103	211	113	108	199	114	111	22	194	30	37	236	214	189	19	249	116	206	45	226	170	148	134	87	164	188	95	32	138	121	171	227	65	181	135	251	27	102	152	226	52	163	0	243	178	175	123	78	176	15	253	101	15	67	210	199	184	124	236	176	227	199	47	174	202	221	207	244	241	197	141	158	238	21	2	2	145	255	174	109	235	164	50	105	193	79	64	132	166	228	198	39	122	170	75	226	109	218	156	198	76	29	114	237	95	135	131	218	204	75	137	230	167	246	123	101	71	66	249	154	174	106	243	243	201
191	89	198	47	165	213	21	169	119	22	196	162	247	143	13	136	228	172	143	89	25	42	68	204	102	247	177	43	205	14	137	151	160	232	119	147	76	232	178	64	170	15	93	194	21	39	76	25	108	140	162	28	241	157	133	182	99	31	40	38	41	251	108	124	117	150	49	190	83	208	208	80	124	148	110	157	248	110	254	19	69	67	95	160	52	2	229	180	173	141	171	26	249	110	206	149	38	116	165	100	240	200	5	170	74	255	226	62	69	59	148	182	172	144	237	185	47	42	46	152	21	183	47	236	37	211	97	220
72	35	6	206	27	183	17	252	199	221	134	206	166	77	8	39	223	189	76	57	81	236	237	94	46	115	3	131	12	133	110	186	235	209	166	239	159	151	111	40	250	89	237	9	2	57	34	241	111	88	113	186	13	110	194	101	83	191	40	74	50	136	7	201	237	187	55	42	144	97	199	26	15	186	92	26	95	244	127	59	16	108	207	216	121	232	120	28	43	215	153	170	44	47	240	233	238	7	130	124	219	9	253	32	190	74	200	40	129	24	143	180	221	86	171	135	145	244	220	194	127	238	118	228	110	153	205	214
190	239	49	197	116	160	62	31	162	40	48	18	139	158	53	56	82	188	110	119	22	230	164	12	43	6	74	239	45	221	43	63	247	44	246	226	97	51	119	205	105	111	242	6	85	49	245	198	9	60	12	193	157	70	146	182	242	25	179	66	52	250	38	181	126	17	176	202	29	11	181	12	32	196	35	72	146	8	152	225	183	37	149	150	34	197	235	230	96	102	25	40	92	196	110	70	150	141	64	241	17	153	84	179	78	152	17	178	213	15	180	11	113	128	177	98	160	22	135	15	64	109	93	103	96	117	80	175
198	224	217	179	49	184	120	143	236	25	92	52	172	14	196	174	191	176	152	63	147	187	225	203	47	41	197	209	106	68	94	244	178	170	237	173	217	182	92	223	31	203	255	122	164	142	43	188	29	215	218	185	36	182	170	147	54	155	43	117	32	239	194	154	143	103	98	68	55	163	18	54	221	121	102	220	76	58	181	30	74	21	113	196	20	103	119	53	6	179	164	113	137	0	190	91	149	12	39	74	107	129	248	173	171	35	220	52	202	249	227	21	139	131	253	220	16	111	55	142	233	18	215	55	40	72	165	242
194	22	8	223	250	13	221	228	56	219	52	238	132	205	232	158	8	93	255	160	192	252	151	159	121	136	177	206	8	69	248	144	120	39	99	134	135	38	244	145	251	86	240	147	165	227	181	149	140	176	226	130	147	90	172	96	246	248	126	154	72	249	82	178	194	71	95	68	56	190	88	80	33	137	51	75	210	103	174	36	2	190	78	92	47	62	255	94	23	146	79	241	53	27	254	108	13	94	128	24	239	148	208	114	243	249	8	218	118	168	62	83	9	226	66	4	228	172	60	198	10	104	185	43	30	210	36	249
94	218	171	127	63	124	131	136	138	224	29	80	169	112	166	191	115	135	116	236	197	27	128	201	83	32	183	133	217	247	43	204	177	166	31	136	252	152	83	111	17	164	146	19	254	9	169	243	144	178	236	35	234	67	90	217	248	165	165	168	208	123	57	106	218	49	15	50	144	40	127	188	57	212	75	2	193	145	164	159	166	7	172	215	241	40	167	60	143	1	206	164	162	206	1	116	134	49	167	228	73	252	196	58	108	233	0	55	132	145	0	23	1	243	77	32	125	151	238	253	150	155	124	133	19	66	13	53
233	153	33	35	244	224	186	157	180	131	5	72	200	100	117	169	23	248	83	210	59	75	255	227	132	215	231	76	106	197	41	200	142	108	53	130	65	232	31	65	10	158	226	164	197	28	104	207	68	79	61	19	70	13	112	28	82	156	202	193	148	136	119	134	78	39	124	95	2	209	235	32	122	131	228	92	154	47	249	224	88	155	58	152	231	20	60	143	160	255	40	20	142	148	165	231	162	58	25	189	73	203	83	191	220	14	214	62	149	60	159	172	171	58	34	118	184	180	96	117	228	155	1	102	189	11	161	110
247	2	75	154	131	245	174	118	168	42	88	196	14	16	143	43	98	164	194	139	165	181	194	247	12	236	26	4	237	74	228	42	228	221	105	155	138	236	11	13	245	243	21	91	122	92	242	4	38	237	145	223	126	225	102	186	229	212	1	245	189	163	86	19	46	108	132	223	188	19	175	255	162	76	156	115	64	123	94	170	197	35	217	145	102	6	80	183	250	57	194	162	246	33	253	113	191	116	117	0	158	126	106	102	234	252	155	255	179	235	18	125	41	46	156	54	21	253	80	196	228	175	121	40	35	246	217	93
27	246	162	126	227	127	61	143	96	47	91	21	32	183	255	237	35	203	83	119	87	176	28	112	62	13	158	25	148	76	250	10	26	92	225	158	109	59	238	196	158	164	237	162	154	254	240	141	69	106	83	138	144	148	71	67	72	137	83	99	130	119	100	211	193	200	153	57	156	86	127	48	239	67	28	14	110	99	47	100	44	10	249	254	76	169	228	121	233	10	221	73	199	232	142	46	43	25	128	201	217	70	179	167	64	238	87	252	227	179	139	14	196	54	107	112	151	85	78	107	57	188	25	123	80	243	193	110
185	91	181	250	250	113	251	25	93	154	131	42	230	253	205	45	133	40	107	199	98	81	78	93	195	175	166	187	221	254	198	77	145	227	136	143	26	84	197	112	93	113	158	165	208	17	140	113	14	234	46	122	190	26	92	92	69	94	232	69	127	184	66	202	114	87	244	123	86	119	106	52	22	13	121	212	204	148	139	106	117	95	156	251	67	100	235	153	119	213	111	177	84	205	232	61	145	197	30	165	102	127	4	123	11	108	6	253	63	79	7	143	64	55	66	33	77	103	166	13	99	204	84	64	138	208	226	59
250	116	50	160	229	25	234	150	137	237	81	166	136	195	234	237	147	115	11	74	180	162	198	121	23	136	139	106	116	77	41	94	237	54	100	27	8	255	14	200	84	190	56	122	68	36	244	107	37	230	83	18	184	183	207	224	187	107	205	209	186	86	119	156	145	27	7	249	130	61	110	207	34	94	201	146	164	123	244	145	59	188	190	156	24	84	250	206	29	70	225	90	134	227	123	191	207	135	64	6	94	167	98	87	69	42	110	252	92	117	10	82	97	52	74	226	242	235	116	62	86	199	184	165	162	120	32	45
79	105	226	238	109	2	124	111	151	133	24	204	26	7	248	230	42	104	243	150	167	148	172	14	123	127	245	117	244	195	202	154	113	88	235	4	145	161	167	79	195	151	160	245	63	81	122	131	246	196	52	73	16	41	117	198	18	119	94	63	84	78	174	28	91	28	10	133	216	23	84	110	224	141	145	154	199	212	28	48	82	175	197	222	41	109	163	190	60	48	105	10	212	120	69	35	1	47	109	33	81	5	239	122	216	44	48	102	241	139	161	91	16	245	3	73	138	142	233	250	28	58	37	125	144	171	142	31
227	227	158	139	10	96	230	162	33	137	112	115	169	213	20	211	185	63	239	177	106	196	37	41	132	244	157	134	64	2	28	161	92	69	62	199	79	50	147	153	51	39	210	53	75	254	148	60	160	123	185	36	185	46	145	184	185	116	147	114	5	78	246	122	222	125	45	193	92	163	103	135	222	11	7	119	251	170	136	178	83	165	41	170	126	229	7	247	151	8	219	149	246	102	181	16	144	137	243	178	20	174	37	213	52	23	66	52	63	209	235	176	244	128	15	69	138	12	179	149	109	129	50	95	154	248	227	34
250	4	13	65	45	105	120	254	75	135	222	171	45	253	102	240	252	168	186	48	150	225	119	201	132	190	249	127	9	177	176	98	104	45	122	178	38	18	131	88	182	162	193	253	183	44	20	66	32	61	120	62	83	219	181	4	218	117	221	167	79	213	225	129	190	182	188	154	214	82	106	239	214	141	172	219	212	22	149	71	180	90	233	209	102	71	20	100	81	167	146	32	203	233	189	99	24	238	154	122	214	86	92	78	93	55	107	175	255	200	147	251	201	236	78	218	250	239	66	30	83	90	163	240	83	198	73	142
253	142	139	30	148	211	152	72	163	17	162	18	231	244	239	196	204	39	133	110	61	63	228	43	146	123	16	238	197	71	161	25	52	66	149	85	228	34	206	173	152	68	9	7	174	225	58	236	216	58	17	52	46	243	222	154	58	29	251	206	232	16	11	200	105	186	181	162	129	39	213	155	125	85	53	195	84	209	245	161	253	67	47	136	135	190	39	159	131	129	115	95	148	54	147	63	117	133	236	26	101	106	198	141	226	46	125	120	30	181	153	152	65	144	80	254	252	114	137	67	78	232	179	125	223	175	239	70
184	53	71	211	251	117	116	66	202	126	139	209	67	128	222	7	32	228	156	227	174	92	84	126	148	98	50	221	19	169	253	207	18	9	84	135	252	151	161	160	221	84	69	30	167	230	218	72	27	117	140	163	121	53	18	234	35	111	119	9	47	168	215	64	81	252	246	5	86	231	250	27	28	21	165	221	213	208	211	10	81	125	64	205	233	94	156	153	83	177	202	54	38	72	88	182	223	7	88	129	239	10	40	36	62	222	22	32	150	50	75	84	97	252	9	245	84	73	31	161	14	207	181	154	59	16	116	62
97	123	76	238	81	110	66	14	42	195	208	46	130	43	97	119	207	118	226	129	236	220	208	70	193	103	26	160	204	176	27	9	5	152	6	132	189	70	189	200	92	235	206	239	159	40	212	119	234	182	237	40	85	225	102	212	41	139	228	2	158	218	176	80	242	242	231	236	220	203	182	56	80	224	99	6	117	34	120	4	179	173	235	206	134	169	95	143	82	34	143	5	85	110	179	182	206	187	66	8	21	115	236	227	46	181	104	98	56	151	115	3	116	147	96	107	28	64	121	39	72	160	21	152	211	79	36	50
178	83	23	69	45	159	17	170	80	173	128	130	220	253	161	184	252	59	46	146	69	27	82	134	66	149	105	108	167	12	200	80	203	248	173	206	156	86	160	33	140	189	84	119	254	55	20	165	141	5	44	203	235	139	168	143	63	14	113	88	159	223	24	78	248	40	65	36	39	126	95	114	229	100	136	47	64	217	182	245	220	225	229	221	87	114	100	249	53	51	87	19	109	236	148	212	73	219	57	7	129	215	95	95	236	210	123	207	200	114	195	171	195	239	50	171	186	142	189	14	187	227	154	7	19	178	15	25
